49 0.25732421875 0.19166666666666668 0.0556640625 0.10454545454545454
49 0.43896484375 0.18484848484848485 0.0615234375 0.09696969696969697
44 0.26123046875 0.3477272727272727 0.0576171875 0.08333333333333333
195 0.3359375 0.3416666666666667 0.05078125 0.0893939393939394
12 0.43896484375 0.3477272727272727 0.0556640625 0.0893939393939394
118 0.61865234375 0.34924242424242424 0.0615234375 0.0893939393939394
12 0.83740234375 0.35075757575757577 0.0517578125 0.10151515151515152
118 0.92138671875 0.49318181818181817 0.0517578125 0.10151515151515152
118 0.8408203125 0.6242424242424243 0.056640625 0.08787878787878788
118 0.62158203125 0.6303030303030303 0.0654296875 0.09393939393939393
118 0.4384765625 0.6333333333333333 0.056640625 0.09696969696969697
118 0.25048828125 0.7613636363636364 0.0595703125 0.0893939393939394
118 0.474609375 0.8863636363636364 0.060546875 0.1
68 0.40380859375 0.7613636363636364 0.0439453125 0.07424242424242425
68 0.509765625 0.7606060606060606 0.056640625 0.09090909090909091
68 0.74072265625 0.47878787878787876 0.0576171875 0.10606060606060606
153 0.2587890625 0.5083333333333333 0.0546875 0.0893939393939394
158 0.53515625 0.4962121212121212 0.052734375 0.09242424242424242
118 0.7333984375 0.7659090909090909 0.12109375 0.14393939393939395
118 0.72705078125 0.1606060606060606 0.1298828125 0.1484848484848485