125 0.9579326923076923 0.24519230769230768 0.055288461538461536 0.1201923076923077
74 0.6706730769230769 0.2824519230769231 0.0625 0.0889423076923077
200 0.027644230769230768 0.030048076923076924 0.055288461538461536 0.06009615384615385
200 0.20192307692307693 0.03245192307692308 0.057692307692307696 0.06490384615384616
70 0.06370192307692307 0.3401442307692308 0.07451923076923077 0.10817307692307693
70 0.38341346153846156 0.5132211538461539 0.07932692307692307 0.10336538461538461
70 0.27524038461538464 0.5168269230769231 0.08413461538461539 0.1201923076923077
70 0.6213942307692307 0.5204326923076923 0.07932692307692307 0.10817307692307693
70 0.7932692307692307 0.5204326923076923 0.07692307692307693 0.10336538461538461
70 0.484375 0.5228365384615384 0.07451923076923077 0.10817307692307693
111 0.17427884615384615 0.5757211538461539 0.055288461538461536 0.0889423076923077
164 0.0673076923076923 0.6274038461538461 0.052884615384615384 0.09615384615384616
70 0.27524038461538464 0.7091346153846154 0.07932692307692307 0.10576923076923077
188 0.9555288461538461 0.07572115384615384 0.07451923076923077 0.09375
145 0.7920673076923077 0.7836538461538461 0.06009615384615385 0.09134615384615384
145 0.5973557692307693 0.7884615384615384 0.06009615384615385 0.09134615384615384
77 0.4098557692307692 0.7920673076923077 0.08413461538461539 0.11298076923076923
153 0.4639423076923077 0.12620192307692307 0.07692307692307693 0.12259615384615384
152 0.7956730769230769 0.12740384615384615 0.0673076923076923 0.11057692307692307
44 0.6706730769230769 0.12860576923076922 0.07692307692307693 0.10817307692307693
70 0.05889423076923077 0.15504807692307693 0.07932692307692307 0.11298076923076923
191 0.16947115384615385 0.15625 0.05048076923076923 0.09134615384615384
40 0.34134615384615385 0.22235576923076922 0.08173076923076923 0.11778846153846154