153 0.6742788461538461 0.17427884615384615 0.06490384615384616 0.10336538461538461
153 0.5144230769230769 0.17427884615384615 0.07211538461538461 0.10817307692307693
152 0.36778846153846156 0.17427884615384615 0.0673076923076923 0.10336538461538461
40 0.9278846153846154 0.17548076923076922 0.0673076923076923 0.09134615384615384
152 0.24759615384615385 0.17908653846153846 0.0673076923076923 0.0985576923076923
188 0.036057692307692304 0.2980769230769231 0.0673076923076923 0.10096153846153846
200 0.27283653846153844 0.03245192307692308 0.06490384615384616 0.06490384615384616
197 0.10216346153846154 0.359375 0.055288461538461536 0.0889423076923077
125 0.03485576923076923 0.4254807692307692 0.055288461538461536 0.11538461538461539
118 0.5228365384615384 0.4326923076923077 0.06971153846153846 0.09615384615384616
118 0.5276442307692307 0.546875 0.06490384615384616 0.09375
68 0.9290865384615384 0.6165865384615384 0.06971153846153846 0.09375
12 0.24519230769230768 0.6213942307692307 0.08173076923076923 0.0985576923076923
118 0.5252403846153846 0.6598557692307693 0.07932692307692307 0.09375
176 0.9362980769230769 0.7451923076923077 0.055288461538461536 0.07211538461538461
118 0.5228365384615384 0.7644230769230769 0.07451923076923077 0.09134615384615384
118 0.5228365384615384 0.8653846153846154 0.06490384615384616 0.09134615384615384