118 0.5973557692307693 0.18509615384615385 0.036057692307692304 0.08653846153846154
118 0.6009615384615384 0.35096153846153844 0.03365384615384615 0.08653846153846154
118 0.5973557692307693 0.5348557692307693 0.036057692307692304 0.08413461538461539
118 0.5997596153846154 0.6983173076923077 0.036057692307692304 0.08413461538461539
118 0.703125 0.18389423076923078 0.036057692307692304 0.08413461538461539
118 0.7019230769230769 0.3485576923076923 0.03365384615384615 0.08173076923076923
118 0.7019230769230769 0.5324519230769231 0.03365384615384615 0.07932692307692307
118 0.7019230769230769 0.6947115384615384 0.03365384615384615 0.08173076923076923
12 0.4098557692307692 0.25961538461538464 0.055288461538461536 0.13942307692307693
44 0.24158653846153846 0.26322115384615385 0.055288461538461536 0.13701923076923078
153 0.23798076923076922 0.65625 0.0625 0.14903846153846154
200 0.15504807692307693 0.06850961538461539 0.026442307692307692 0.06490384615384616
68 0.8966346153846154 0.3016826923076923 0.052884615384615384 0.10817307692307693
68 0.9014423076923077 0.6514423076923077 0.052884615384615384 0.11057692307692307
188 0.07572115384615384 0.5745192307692307 0.05048076923076923 0.125