200 0.08653846153846154 0.0985576923076923 0.10576923076923077 0.10096153846153846
74 0.2980769230769231 0.16105769230769232 0.0625 0.07692307692307693
152 0.390625 0.05048076923076923 0.055288461538461536 0.08653846153846154
44 0.6862980769230769 0.06009615384615385 0.07451923076923077 0.11057692307692307
74 0.8822115384615384 0.16105769230769232 0.057692307692307696 0.08173076923076923
70 0.1310096153846154 0.3293269230769231 0.06971153846153846 0.09615384615384616
22 0.29927884615384615 0.34134615384615385 0.07451923076923077 0.09134615384615384
70 0.39302884615384615 0.32572115384615385 0.07451923076923077 0.10336538461538461
74 0.2956730769230769 0.4723557692307692 0.057692307692307696 0.07932692307692307
70 0.12860576923076922 0.625 0.07451923076923077 0.10096153846153846
70 0.39663461538461536 0.6201923076923077 0.07211538461538461 0.10096153846153846
22 0.296875 0.6370192307692307 0.06971153846153846 0.08653846153846154
153 0.5805288461538461 0.5180288461538461 0.06490384615384616 0.10336538461538461
153 0.7896634615384616 0.5132211538461539 0.06490384615384616 0.10817307692307693
11 0.5745192307692307 0.3473557692307692 0.0673076923076923 0.0985576923076923