51 0.0829326923076923 0.8545673076923077 0.10817307692307693 0.0985576923076923
200 0.08173076923076923 0.14302884615384615 0.08173076923076923 0.08413461538461539
158 0.2644230769230769 0.23076923076923078 0.12980769230769232 0.11538461538461539
153 0.8762019230769231 0.23317307692307693 0.10336538461538461 0.11057692307692307
12 0.5853365384615384 0.23317307692307693 0.10817307692307693 0.10576923076923077
49 0.42788461538461536 0.23677884615384615 0.11057692307692307 0.10336538461538461
68 0.7367788461538461 0.23918269230769232 0.0985576923076923 0.10336538461538461
41 0.0829326923076923 0.3870192307692308 0.10336538461538461 0.10096153846153846
118 0.8149038461538461 0.4411057692307692 0.125 0.11298076923076923
118 0.640625 0.44350961538461536 0.10336538461538461 0.10817307692307693
118 0.47716346153846156 0.44591346153846156 0.10336538461538461 0.10817307692307693
118 0.2956730769230769 0.4483173076923077 0.10576923076923077 0.09375
70 0.5192307692307693 0.052884615384615384 0.1201923076923077 0.10576923076923077
39 0.08653846153846154 0.5384615384615384 0.10576923076923077 0.09615384615384616
140 0.7680288461538461 0.5841346153846154 0.05048076923076923 0.057692307692307696
140 0.21875 0.5889423076923077 0.052884615384615384 0.0625
140 0.5132211538461539 0.5877403846153846 0.055288461538461536 0.06009615384615385
40 0.08653846153846154 0.6862980769230769 0.10576923076923077 0.0985576923076923
60 0.08653846153846154 0.23798076923076922 0.10096153846153846 0.10096153846153846
147 0.2860576923076923 0.6790865384615384 0.08653846153846154 0.08413461538461539
147 0.5649038461538461 0.6766826923076923 0.09134615384615384 0.08413461538461539
147 0.8209134615384616 0.671875 0.0889423076923077 0.08413461538461539