188 0.03485576923076923 0.2824519230769231 0.06971153846153846 0.11778846153846154
188 0.037259615384615384 0.6875 0.07451923076923077 0.11538461538461539
46 0.2548076923076923 0.2860576923076923 0.07692307692307693 0.11057692307692307
46 0.25240384615384615 0.6862980769230769 0.07692307692307693 0.10336538461538461
48 0.390625 0.10096153846153846 0.07932692307692307 0.11057692307692307
45 0.3918269230769231 0.28846153846153844 0.07211538461538461 0.11057692307692307
45 0.5336538461538461 0.28725961538461536 0.07692307692307693 0.10817307692307693
45 0.3954326923076923 0.6850961538461539 0.07451923076923077 0.11057692307692307
45 0.5444711538461539 0.6838942307692307 0.07451923076923077 0.10817307692307693
45 0.6911057692307693 0.6850961538461539 0.07451923076923077 0.10576923076923077
48 0.49158653846153844 0.8882211538461539 0.07932692307692307 0.11298076923076923
104 0.9411057692307693 0.36177884615384615 0.06490384615384616 0.06971153846153846
104 0.9471153846153846 0.8918269230769231 0.07211538461538461 0.07692307692307693
46 0.8665865384615384 0.6850961538461539 0.07451923076923077 0.11057692307692307
153 0.7872596153846154 0.2283653846153846 0.055288461538461536 0.08173076923076923
104 0.859375 0.2283653846153846 0.05048076923076923 0.057692307692307696
118 0.7884615384615384 0.06370192307692307 0.057692307692307696 0.08413461538461539
43 0.859375 0.06490384615384616 0.05048076923076923 0.08173076923076923
70 0.859375 0.14783653846153846 0.06009615384615385 0.07451923076923077
157 0.9338942307692307 0.1466346153846154 0.05048076923076923 0.07211538461538461
39 0.9326923076923077 0.06370192307692307 0.052884615384615384 0.07451923076923077
113 0.7884615384615384 0.1466346153846154 0.052884615384615384 0.07211538461538461