200 0.0829326923076923 0.038461538461538464 0.036057692307692304 0.0673076923076923
153 0.14903846153846154 0.19110576923076922 0.038461538461538464 0.07451923076923077
197 0.028846153846153848 0.5144230769230769 0.04326923076923077 0.08173076923076923
70 0.359375 0.22235576923076922 0.040865384615384616 0.07451923076923077
104 0.27403846153846156 0.15264423076923078 0.04326923076923077 0.05048076923076923
118 0.27283653846153844 0.24639423076923078 0.040865384615384616 0.07932692307692307
12 0.31490384615384615 0.3641826923076923 0.04326923076923077 0.07451923076923077
12 0.33653846153846156 0.7259615384615384 0.04326923076923077 0.07211538461538461
12 0.5612980769230769 0.6213942307692307 0.04567307692307692 0.07932692307692307
12 0.5612980769230769 0.36658653846153844 0.04567307692307692 0.07451923076923077
153 0.2127403846153846 0.8581730769230769 0.040865384615384616 0.07211538461538461
118 0.33653846153846156 0.8641826923076923 0.04807692307692308 0.07932692307692307
161 0.5625 0.8533653846153846 0.04326923076923077 0.07692307692307693
176 0.5625 0.11538461538461539 0.04326923076923077 0.07692307692307693
158 0.6658653846153846 0.36538461538461536 0.04326923076923077 0.07692307692307693
118 0.6658653846153846 0.5120192307692307 0.04326923076923077 0.07692307692307693
118 0.8016826923076923 0.33533653846153844 0.04567307692307692 0.07451923076923077
72 0.8016826923076923 0.19591346153846154 0.040865384615384616 0.07932692307692307
77 0.8028846153846154 0.46033653846153844 0.04326923076923077 0.06971153846153846
40 0.9375 0.27524038461538464 0.04326923076923077 0.07451923076923077
40 0.921875 0.7439903846153846 0.04567307692307692 0.07932692307692307
157 0.8040865384615384 0.7475961538461539 0.04567307692307692 0.07692307692307693
118 0.8028846153846154 0.8653846153846154 0.04326923076923077 0.0673076923076923
118 0.9242788461538461 0.8653846153846154 0.040865384615384616 0.07211538461538461