49 0.11538461538461539 0.6189903846153846 0.04326923076923077 0.055288461538461536
161 0.11538461538461539 0.6935096153846154 0.038461538461538464 0.05048076923076923
41 0.8317307692307693 0.7067307692307693 0.038461538461538464 0.052884615384615384
103 0.11538461538461539 0.7680288461538461 0.04326923076923077 0.055288461538461536
145 0.5733173076923077 0.7716346153846154 0.04567307692307692 0.057692307692307696
145 0.4026442307692308 0.7728365384615384 0.040865384615384616 0.055288461538461536
152 0.35336538461538464 0.15504807692307693 0.04326923076923077 0.06009615384615385
30 0.35096153846153844 0.24158653846153846 0.04326923076923077 0.06009615384615385
200 0.0733173076923077 0.24639423076923078 0.04567307692307692 0.040865384615384616
142 0.2644230769230769 0.32091346153846156 0.014423076923076924 0.021634615384615384
74 0.4963942307692308 0.3798076923076923 0.040865384615384616 0.052884615384615384
153 0.11538461538461539 0.38822115384615385 0.04326923076923077 0.055288461538461536
48 0.8329326923076923 0.4326923076923077 0.040865384615384616 0.052884615384615384
78 0.11658653846153846 0.4699519230769231 0.040865384615384616 0.055288461538461536
140 0.2644230769230769 0.47115384615384615 0.014423076923076924 0.019230769230769232
73 0.47475961538461536 0.49399038461538464 0.026442307692307692 0.036057692307692304
34 0.11538461538461539 0.5444711538461539 0.04326923076923077 0.055288461538461536
45 0.8305288461538461 0.5552884615384616 0.040865384615384616 0.057692307692307696
54 0.3870192307692308 0.5637019230769231 0.038461538461538464 0.03125
54 0.3269230769230769 0.5637019230769231 0.038461538461538464 0.03125
54 0.4483173076923077 0.5637019230769231 0.040865384615384616 0.03125
54 0.6129807692307693 0.5649038461538461 0.038461538461538464 0.028846153846153848
54 0.6742788461538461 0.5649038461538461 0.036057692307692304 0.028846153846153848
54 0.5516826923076923 0.5649038461538461 0.036057692307692304 0.028846153846153848