74 0.28725961538461536 0.14783653846153846 0.055288461538461536 0.06490384615384616
118 0.6550480769230769 0.19951923076923078 0.0889423076923077 0.09615384615384616
70 0.28125 0.2980769230769231 0.08173076923076923 0.08173076923076923
70 0.4230769230769231 0.43509615384615385 0.07692307692307693 0.08173076923076923
70 0.22355769230769232 0.43149038461538464 0.08173076923076923 0.08413461538461539
70 0.10096153846153846 0.43509615384615385 0.07692307692307693 0.08173076923076923
80 0.6430288461538461 0.6334134615384616 0.06971153846153846 0.07451923076923077
68 0.2764423076923077 0.7704326923076923 0.09615384615384616 0.09375
153 0.0985576923076923 0.7632211538461539 0.08173076923076923 0.08413461538461539
157 0.6538461538461539 0.34134615384615385 0.08173076923076923 0.08653846153846154
54 0.8389423076923077 0.47716346153846156 0.08173076923076923 0.05048076923076923
54 0.8413461538461539 0.5432692307692307 0.08653846153846154 0.04807692307692308
54 0.8365384615384616 0.6141826923076923 0.10096153846153846 0.05048076923076923
54 0.8557692307692307 0.6334134615384616 0.08653846153846154 0.05048076923076923
54 0.8533653846153846 0.7632211538461539 0.09615384615384616 0.06971153846153846
54 0.8509615384615384 0.8653846153846154 0.10576923076923077 0.07211538461538461
158 0.41466346153846156 0.35096153846153844 0.04567307692307692 0.052884615384615384
145 0.10336538461538461 0.6105769230769231 0.07211538461538461 0.07692307692307693
116 0.6394230769230769 0.7836538461538461 0.10576923076923077 0.07692307692307693
147 0.46274038461538464 0.6117788461538461 0.06971153846153846 0.07451923076923077