197 0.08413461538461539 0.2980769230769231 0.08173076923076923 0.10576923076923077
200 0.40865384615384615 0.040865384615384616 0.028846153846153848 0.04326923076923077
105 0.46634615384615385 0.5661057692307693 0.08173076923076923 0.11298076923076923
116 0.46634615384615385 0.8100961538461539 0.08173076923076923 0.1201923076923077
153 0.5853365384615384 0.8810096153846154 0.0889423076923077 0.12259615384615384
118 0.7920673076923077 0.28846153846153844 0.06971153846153846 0.10096153846153846
118 0.5949519230769231 0.453125 0.06971153846153846 0.09375
118 0.6730769230769231 0.4519230769230769 0.0673076923076923 0.10096153846153846
118 0.75 0.4543269230769231 0.07211538461538461 0.09615384615384616
157 0.8894230769230769 0.46153846153846156 0.08173076923076923 0.11057692307692307
12 0.6033653846153846 0.2824519230769231 0.08173076923076923 0.11298076923076923
68 0.7920673076923077 0.11658653846153846 0.08413461538461539 0.12740384615384615
70 0.08173076923076923 0.5865384615384616 0.0625 0.09134615384615384
43 0.890625 0.8004807692307693 0.07451923076923077 0.10576923076923077