152 0.5072115384615384 0.11899038461538461 0.04807692307692308 0.06009615384615385
200 0.057692307692307696 0.14302884615384615 0.04326923076923077 0.05048076923076923
153 0.9206730769230769 0.21754807692307693 0.04807692307692308 0.06009615384615385
44 0.5048076923076923 0.21875 0.057692307692307696 0.057692307692307696
74 0.5072115384615384 0.3401442307692308 0.04807692307692308 0.06490384615384616
142 0.6045673076923077 0.3786057692307692 0.04567307692307692 0.055288461538461536
142 0.20192307692307693 0.38341346153846156 0.052884615384615384 0.06009615384615385
22 0.5048076923076923 0.4362980769230769 0.04326923076923077 0.05048076923076923
70 0.7043269230769231 0.45552884615384615 0.0625 0.06971153846153846
70 0.3112980769230769 0.4567307692307692 0.06009615384615385 0.07211538461538461
188 0.40024038461538464 0.056490384615384616 0.055288461538461536 0.06971153846153846
74 0.5072115384615384 0.5673076923076923 0.04807692307692308 0.057692307692307696
188 0.6153846153846154 0.05889423076923077 0.0625 0.06971153846153846
142 0.6045673076923077 0.5985576923076923 0.05048076923076923 0.057692307692307696
142 0.20072115384615385 0.5985576923076923 0.05048076923076923 0.0625
22 0.5060096153846154 0.65625 0.040865384615384616 0.052884615384615384
70 0.7043269230769231 0.6742788461538461 0.057692307692307696 0.06490384615384616
70 0.31009615384615385 0.6742788461538461 0.0625 0.06971153846153846
140 0.6057692307692307 0.8173076923076923 0.04807692307692308 0.057692307692307696
140 0.20072115384615385 0.8185096153846154 0.05048076923076923 0.06009615384615385
145 0.7067307692307693 0.8497596153846154 0.04326923076923077 0.055288461538461536
145 0.3112980769230769 0.8521634615384616 0.04567307692307692 0.055288461538461536