12 0.23918269230769232 0.31490384615384615 0.06490384615384616 0.11538461538461539
118 0.4110576923076923 0.31850961538461536 0.0625 0.12259615384615384
68 0.5841346153846154 0.32211538461538464 0.0673076923076923 0.125
95 0.4110576923076923 0.5865384615384616 0.0625 0.1201923076923077
153 0.6009615384615384 0.5901442307692307 0.0673076923076923 0.12259615384615384
40 0.8894230769230769 0.8401442307692307 0.0673076923076923 0.12259615384615384
49 0.30649038461538464 0.10216346153846154 0.06490384615384616 0.12259615384615384
68 0.5817307692307693 0.12860576923076922 0.0673076923076923 0.11298076923076923
118 0.7103365384615384 0.1310096153846154 0.06490384615384616 0.12259615384615384
188 0.052884615384615384 0.5048076923076923 0.04807692307692308 0.08653846153846154
157 0.8401442307692307 0.12740384615384615 0.06971153846153846 0.1201923076923077
188 0.9338942307692307 0.4735576923076923 0.04567307692307692 0.08653846153846154
70 0.6069711538461539 0.8353365384615384 0.06971153846153846 0.12740384615384615