125 0.04807692307692308 0.13822115384615385 0.0625 0.13221153846153846
125 0.05048076923076923 0.30288461538461536 0.0673076923076923 0.12980769230769232
125 0.05048076923076923 0.6706730769230769 0.057692307692307696 0.13942307692307693
125 0.046875 0.8377403846153846 0.055288461538461536 0.12740384615384615
64 0.14783653846153846 0.1346153846153846 0.06971153846153846 0.12980769230769232
64 0.1466346153846154 0.30288461538461536 0.0673076923076923 0.125
64 0.14783653846153846 0.671875 0.06971153846153846 0.12740384615384615
64 0.1466346153846154 0.8377403846153846 0.07211538461538461 0.12740384615384615
192 0.2536057692307692 0.13341346153846154 0.07451923076923077 0.12740384615384615
192 0.25600961538461536 0.30408653846153844 0.07451923076923077 0.12259615384615384
192 0.2548076923076923 0.6694711538461539 0.07692307692307693 0.12740384615384615
192 0.2536057692307692 0.8389423076923077 0.06971153846153846 0.125
64 0.3557692307692308 0.13221153846153846 0.0673076923076923 0.1346153846153846
64 0.3545673076923077 0.671875 0.06971153846153846 0.13701923076923078
64 0.3557692307692308 0.8413461538461539 0.07211538461538461 0.1201923076923077
64 0.3557692307692308 0.3076923076923077 0.07211538461538461 0.1201923076923077
70 0.4735576923076923 0.21754807692307693 0.07211538461538461 0.12740384615384615
70 0.4699519230769231 0.7536057692307693 0.06971153846153846 0.13221153846153846
164 0.5673076923076923 0.21394230769230768 0.057692307692307696 0.12980769230769232
164 0.5661057692307693 0.7560096153846154 0.06490384615384616 0.11778846153846154
110 0.7620192307692307 0.4951923076923077 0.0625 0.11057692307692307
200 0.8521634615384616 0.3545673076923077 0.055288461538461536 0.10336538461538461
200 0.8569711538461539 0.5240384615384616 0.06971153846153846 0.11057692307692307
200 0.9387019230769231 0.43509615384615385 0.06490384615384616 0.11057692307692307