125 0.07692307692307693 0.24879807692307693 0.0625 0.14182692307692307
118 0.7235576923076923 0.27403846153846156 0.052884615384615384 0.11057692307692307
57 0.49038461538461536 0.3016826923076923 0.0625 0.12740384615384615
198 0.07692307692307693 0.5036057692307693 0.09615384615384616 0.14182692307692307
110 0.2644230769230769 0.5060096153846154 0.08653846153846154 0.10336538461538461
83 0.7788461538461539 0.5072115384615384 0.057692307692307696 0.1201923076923077
70 0.7199519230769231 0.5072115384615384 0.05048076923076923 0.11538461538461539
44 0.390625 0.5084134615384616 0.06490384615384616 0.1466346153846154
12 0.49278846153846156 0.5120192307692307 0.0673076923076923 0.12980769230769232
40 0.49278846153846156 0.71875 0.07211538461538461 0.1346153846153846
110 0.8858173076923077 0.7235576923076923 0.0985576923076923 0.1201923076923077