12 0.3641826923076923 0.25240384615384615 0.06971153846153846 0.1346153846153846
118 0.49158653846153844 0.25600961538461536 0.06490384615384616 0.11298076923076923
21 0.6105769230769231 0.2608173076923077 0.07211538461538461 0.11778846153846154
197 0.07572115384615384 0.3293269230769231 0.07932692307692307 0.14423076923076922
164 0.9423076923076923 0.34134615384615385 0.08173076923076923 0.15865384615384615
152 0.203125 0.3473557692307692 0.06971153846153846 0.12259615384615384
49 0.765625 0.3581730769230769 0.07451923076923077 0.1346153846153846
183 0.36538461538461536 0.4807692307692308 0.0673076923076923 0.11057692307692307
153 0.4879807692307692 0.48197115384615385 0.07692307692307693 0.12259615384615384
10 0.5096153846153846 0.7211538461538461 0.07211538461538461 0.11538461538461539
10 0.6262019230769231 0.7223557692307693 0.06971153846153846 0.12259615384615384
118 0.3737980769230769 0.7920673076923077 0.06490384615384616 0.10336538461538461
200 0.16466346153846154 0.052884615384615384 0.026442307692307692 0.04326923076923077