149 0.025240384615384616 0.11658653846153846 0.026442307692307692 0.026442307692307692
102 0.7103365384615384 0.15745192307692307 0.06971153846153846 0.06971153846153846
39 0.19471153846153846 0.15865384615384615 0.07211538461538461 0.07692307692307693
40 0.8088942307692307 0.16105769230769232 0.06971153846153846 0.07211538461538461
139 0.10216346153846154 0.1622596153846154 0.06971153846153846 0.07932692307692307
166 0.3762019230769231 0.16105769230769232 0.06490384615384616 0.07692307692307693
152 0.49399038461538464 0.16105769230769232 0.07451923076923077 0.07211538461538461
78 0.9002403846153846 0.16105769230769232 0.06971153846153846 0.07211538461538461
113 0.28365384615384615 0.16346153846153846 0.0673076923076923 0.07692307692307693
34 0.6189903846153846 0.1622596153846154 0.06971153846153846 0.07932692307692307
111 0.3293269230769231 0.26802884615384615 0.0625 0.06971153846153846
195 0.49158653846153844 0.3137019230769231 0.06971153846153846 0.07451923076923077
188 0.49399038461538464 0.03365384615384615 0.06490384615384616 0.0673076923076923
142 0.07091346153846154 0.33653846153846156 0.026442307692307692 0.028846153846153848
142 0.6274038461538461 0.34134615384615385 0.02403846153846154 0.02403846153846154
128 0.6622596153846154 0.37740384615384615 0.06971153846153846 0.0625
128 0.3317307692307692 0.38100961538461536 0.0673076923076923 0.06971153846153846
140 0.6274038461538461 0.4795673076923077 0.028846153846153848 0.03125
140 0.06850961538461539 0.4831730769230769 0.03125 0.028846153846153848
79 0.8389423076923077 0.5204326923076923 0.0673076923076923 0.06971153846153846
79 0.15384615384615385 0.5288461538461539 0.07211538461538461 0.07211538461538461
183 0.49278846153846156 0.5625 0.0673076923076923 0.07211538461538461
23 0.7956730769230769 0.6418269230769231 0.02403846153846154 0.02403846153846154
23 0.203125 0.6478365384615384 0.021634615384615384 0.026442307692307692
88 0.8894230769230769 0.6610576923076923 0.0625 0.07211538461538461
88 0.109375 0.6682692307692307 0.06971153846153846 0.07211538461538461
153 0.49278846153846156 0.6730769230769231 0.0673076923076923 0.07211538461538461
70 0.8161057692307693 0.7139423076923077 0.040865384615384616 0.04326923076923077
70 0.7728365384615384 0.7163461538461539 0.040865384615384616 0.04326923076923077
70 0.1814903846153846 0.7211538461538461 0.040865384615384616 0.04326923076923077
140 0.7103365384615384 0.7199519230769231 0.002403846153846154 0.002403846153846154
70 0.22355769230769232 0.7211538461538461 0.04326923076923077 0.04326923076923077
61 0.42908653846153844 0.7247596153846154 0.06490384615384616 0.06971153846153846
88 0.890625 0.7560096153846154 0.06490384615384616 0.06971153846153846
70 0.8161057692307693 0.7572115384615384 0.040865384615384616 0.04326923076923077
70 0.7728365384615384 0.7608173076923077 0.040865384615384616 0.040865384615384616
70 0.22355769230769232 0.7632211538461539 0.04326923076923077 0.040865384615384616
70 0.17908653846153846 0.7644230769230769 0.040865384615384616 0.04326923076923077
88 0.109375 0.7668269230769231 0.06971153846153846 0.07211538461538461
20 0.49399038461538464 0.796875 0.06490384615384616 0.06971153846153846
200 0.01201923076923077 0.0889423076923077 0.02403846153846154 0.028846153846153848
71 0.4951923076923077 0.9110576923076923 0.0673076923076923 0.0673076923076923
10 0.46153846153846156 0.4362980769230769 0.0673076923076923 0.06971153846153846
10 0.5240384615384616 0.4362980769230769 0.0673076923076923 0.06971153846153846
70 0.6610576923076923 0.7091346153846154 0.038461538461538464 0.038461538461538464
70 0.3329326923076923 0.7079326923076923 0.03125 0.036057692307692304