188 0.06610576923076923 0.11057692307692307 0.06971153846153846 0.0625
70 0.5336538461538461 0.18870192307692307 0.0673076923076923 0.06490384615384616
21 0.7644230769230769 0.18870192307692307 0.0625 0.06009615384615385
124 0.6778846153846154 0.19110576923076922 0.0625 0.06009615384615385
71 0.8365384615384616 0.19110576923076922 0.0625 0.055288461538461536
128 0.3713942307692308 0.19110576923076922 0.06009615384615385 0.055288461538461536
152 0.06490384615384616 0.22115384615384615 0.052884615384615384 0.057692307692307696
22 0.3737980769230769 0.3581730769230769 0.040865384615384616 0.02403846153846154
71 0.9447115384615384 0.3605769230769231 0.0625 0.0673076923076923
22 0.546875 0.3629807692307692 0.06009615384615385 0.057692307692307696
44 0.06610576923076923 0.36538461538461536 0.06009615384615385 0.0625
10 0.28966346153846156 0.36538461538461536 0.055288461538461536 0.052884615384615384
110 0.1814903846153846 0.36658653846153844 0.055288461538461536 0.055288461538461536
200 0.15745192307692307 0.039663461538461536 0.055288461538461536 0.05048076923076923
128 0.37259615384615385 0.5372596153846154 0.057692307692307696 0.055288461538461536
124 0.6754807692307693 0.5372596153846154 0.057692307692307696 0.055288461538461536
21 0.7680288461538461 0.5396634615384616 0.06490384615384616 0.06009615384615385
142 0.2668269230769231 0.44591346153846156 0.03365384615384615 0.03125
142 0.47115384615384615 0.44591346153846156 0.038461538461538464 0.036057692307692304
142 0.6610576923076923 0.44591346153846156 0.03365384615384615 0.03125
72 0.8353365384615384 0.5396634615384616 0.06009615384615385 0.055288461538461536