200 0.014423076923076924 0.10817307692307693 0.028846153846153848 0.02403846153846154
44 0.5 0.1502403846153846 0.08653846153846154 0.07932692307692307
142 0.07211538461538461 0.2932692307692308 0.028846153846153848 0.028846153846153848
142 0.44711538461538464 0.29447115384615385 0.03365384615384615 0.026442307692307692
110 0.5 0.03365384615384615 0.10096153846153846 0.0673076923076923
153 0.8677884615384616 0.3581730769230769 0.09134615384615384 0.08173076923076923
74 0.41346153846153844 0.359375 0.08173076923076923 0.07932692307692307
140 0.0733173076923077 0.5012019230769231 0.026442307692307692 0.026442307692307692
70 0.09495192307692307 0.5588942307692307 0.026442307692307692 0.026442307692307692
70 0.4735576923076923 0.5612980769230769 0.028846153846153848 0.026442307692307692
78 0.8653846153846154 0.5877403846153846 0.08173076923076923 0.07932692307692307
54 0.5108173076923077 0.6129807692307693 0.055288461538461536 0.038461538461538464
54 0.6923076923076923 0.6129807692307693 0.057692307692307696 0.038461538461538464
54 0.3137019230769231 0.6129807692307693 0.055288461538461536 0.038461538461538464
54 0.1310096153846154 0.6129807692307693 0.055288461538461536 0.03365384615384615
54 0.22355769230769232 0.6153846153846154 0.057692307692307696 0.038461538461538464
54 0.6021634615384616 0.6141826923076923 0.06009615384615385 0.036057692307692304
140 0.07451923076923077 0.7439903846153846 0.028846153846153848 0.026442307692307692
138 0.6009615384615384 0.8173076923076923 0.08653846153846154 0.07692307692307693
138 0.21995192307692307 0.8173076923076923 0.08413461538461539 0.07692307692307693