200 0.038461538461538464 0.026442307692307692 0.07692307692307693 0.052884615384615384
41 0.16105769230769232 0.09134615384615384 0.07211538461538461 0.09134615384615384
40 0.1658653846153846 0.22355769230769232 0.0673076923076923 0.09134615384615384
44 0.25841346153846156 0.22115384615384615 0.07932692307692307 0.09134615384615384
153 0.36658653846153844 0.07211538461538461 0.07451923076923077 0.10096153846153846
153 0.3641826923076923 0.19951923076923078 0.06490384615384616 0.08173076923076923
152 0.7163461538461539 0.07091346153846154 0.0673076923076923 0.07932692307692307
76 0.7247596153846154 0.19951923076923078 0.06971153846153846 0.08653846153846154
110 0.9110576923076923 0.13341346153846154 0.15384615384615385 0.10336538461538461
125 0.875 0.2980769230769231 0.057692307692307696 0.08653846153846154
197 0.9639423076923077 0.3004807692307692 0.07211538461538461 0.08653846153846154
142 0.14302884615384615 0.375 0.04567307692307692 0.052884615384615384
142 0.515625 0.3713942307692308 0.04567307692307692 0.055288461538461536
142 0.5168269230769231 0.6358173076923077 0.04326923076923077 0.055288461538461536
142 0.14423076923076922 0.6346153846153846 0.04326923076923077 0.052884615384615384
70 0.1935096153846154 0.5 0.06971153846153846 0.07692307692307693
70 0.6105769230769231 0.4963942307692308 0.0673076923076923 0.07932692307692307
110 0.39783653846153844 0.3076923076923077 0.06971153846153846 0.07211538461538461
74 0.39903846153846156 0.4362980769230769 0.0625 0.07451923076923077
192 0.3918269230769231 0.6189903846153846 0.0673076923076923 0.07451923076923077