118 0.7019230769230769 0.17548076923076922 0.057692307692307696 0.125
105 0.09014423076923077 0.21514423076923078 0.06490384615384616 0.12740384615384615
110 0.2800480769230769 0.4326923076923077 0.07451923076923077 0.125
187 0.09254807692307693 0.4338942307692308 0.06009615384615385 0.13221153846153846
118 0.6935096153846154 0.44471153846153844 0.06009615384615385 0.1201923076923077
12 0.4651442307692308 0.45072115384615385 0.06009615384615385 0.13221153846153846
118 0.6790865384615384 0.6610576923076923 0.06009615384615385 0.1201923076923077
168 0.09014423076923077 0.6622596153846154 0.06490384615384616 0.11778846153846154
118 0.5709134615384616 0.06971153846153846 0.06009615384615385 0.11538461538461539
153 0.4651442307692308 0.6959134615384616 0.06971153846153846 0.12740384615384615
118 0.8377403846153846 0.7740384615384616 0.06009615384615385 0.12980769230769232
115 0.7331730769230769 0.8894230769230769 0.04326923076923077 0.09134615384615384