200 0.016826923076923076 0.019230769230769232 0.028846153846153848 0.038461538461538464
103 0.11298076923076923 0.13822115384615385 0.052884615384615384 0.055288461538461536
142 0.06009615384615385 0.23798076923076922 0.02403846153846154 0.04326923076923077
142 0.29086538461538464 0.23798076923076922 0.028846153846153848 0.04326923076923077
142 0.5733173076923077 0.23677884615384615 0.026442307692307692 0.040865384615384616
111 0.2620192307692308 0.09134615384615384 0.04326923076923077 0.07211538461538461
10 0.2608173076923077 0.18990384615384615 0.040865384615384616 0.0625
79 0.06971153846153846 0.2932692307692308 0.028846153846153848 0.04326923076923077
88 0.24879807692307693 0.33533653846153844 0.03125 0.040865384615384616
40 0.12620192307692307 0.37259615384615385 0.06009615384615385 0.07211538461538461
43 0.36177884615384615 0.38221153846153844 0.055288461538461536 0.07692307692307693
70 0.2439903846153846 0.43149038461538464 0.036057692307692304 0.06971153846153846
200 0.5264423076923077 0.018028846153846152 0.028846153846153848 0.036057692307692304
103 0.6213942307692307 0.13341346153846154 0.055288461538461536 0.06490384615384616
111 0.7716346153846154 0.09014423076923077 0.04807692307692308 0.07451923076923077
10 0.7704326923076923 0.18509615384615385 0.04567307692307692 0.0625
79 0.5805288461538461 0.29086538461538464 0.026442307692307692 0.04326923076923077
40 0.6334134615384616 0.36538461538461536 0.055288461538461536 0.07211538461538461
43 0.8725961538461539 0.3762019230769231 0.057692307692307696 0.08413461538461539
88 0.7608173076923077 0.3293269230769231 0.03125 0.04326923076923077
70 0.7536057692307693 0.4266826923076923 0.036057692307692304 0.06971153846153846
142 0.8028846153846154 0.23317307692307693 0.02403846153846154 0.04326923076923077
188 0.026442307692307692 0.8233173076923077 0.052884615384615384 0.08413461538461539
97 0.13341346153846154 0.8209134615384616 0.06490384615384616 0.09375
29 0.24879807692307693 0.8221153846153846 0.06971153846153846 0.11057692307692307
24 0.5372596153846154 0.8245192307692307 0.07451923076923077 0.11538461538461539
24 0.8485576923076923 0.8245192307692307 0.07211538461538461 0.11538461538461539
59 0.6923076923076923 0.8233173076923077 0.07211538461538461 0.11298076923076923
59 0.390625 0.8245192307692307 0.06971153846153846 0.10576923076923077