200 0.016826923076923076 0.11658653846153846 0.03365384615384615 0.026442307692307692
74 0.49278846153846156 0.1935096153846154 0.10096153846153846 0.0889423076923077
70 0.2668269230769231 0.3317307692307692 0.11538461538461539 0.09615384615384616
70 0.7235576923076923 0.33653846153846156 0.1201923076923077 0.09134615384615384
110 0.49759615384615385 0.038461538461538464 0.1346153846153846 0.07211538461538461
74 0.49399038461538464 0.4891826923076923 0.10336538461538461 0.0889423076923077
70 0.26802884615384615 0.6286057692307693 0.11298076923076923 0.0985576923076923
70 0.7223557692307693 0.6298076923076923 0.10817307692307693 0.09615384615384616
138 0.7211538461538461 0.828125 0.09134615384615384 0.08413461538461539
153 0.49399038461538464 0.828125 0.10817307692307693 0.0889423076923077
138 0.2668269230769231 0.8293269230769231 0.09615384615384616 0.07692307692307693