111 0.5132211538461539 0.16706730769230768 0.06971153846153846 0.07451923076923077
74 0.5120192307692307 0.27884615384615385 0.052884615384615384 0.0625
142 0.6177884615384616 0.3112980769230769 0.04807692307692308 0.05048076923076923
142 0.17908653846153846 0.3112980769230769 0.04567307692307692 0.05048076923076923
110 0.625 0.038461538461538464 0.07692307692307693 0.057692307692307696
128 0.8040865384615384 0.3798076923076923 0.06971153846153846 0.07692307692307693
70 0.3641826923076923 0.38221153846153844 0.06971153846153846 0.07692307692307693
128 0.21754807692307693 0.38100961538461536 0.06490384615384616 0.07451923076923077
70 0.6574519230769231 0.38341346153846156 0.06971153846153846 0.07451923076923077
74 0.5120192307692307 0.49399038461538464 0.057692307692307696 0.06490384615384616
140 0.1778846153846154 0.5372596153846154 0.04807692307692308 0.05048076923076923
140 0.6165865384615384 0.5384615384615384 0.04567307692307692 0.052884615384615384
22 0.5120192307692307 0.6081730769230769 0.052884615384615384 0.052884615384615384
70 0.36177884615384615 0.6358173076923077 0.07451923076923077 0.07451923076923077
70 0.6550480769230769 0.6358173076923077 0.06971153846153846 0.07451923076923077
140 0.1778846153846154 0.7608173076923077 0.04807692307692308 0.05048076923076923
140 0.6153846153846154 0.7608173076923077 0.04807692307692308 0.055288461538461536
21 0.7319711538461539 0.8305288461538461 0.06490384615384616 0.06971153846153846
21 0.2920673076923077 0.8293269230769231 0.06490384615384616 0.0673076923076923
200 0.0985576923076923 0.1141826923076923 0.04807692307692308 0.05048076923076923