188 0.038461538461538464 0.5108173076923077 0.07211538461538461 0.16105769230769232
152 0.14903846153846154 0.5120192307692307 0.07211538461538461 0.13942307692307693
12 0.31490384615384615 0.15264423076923078 0.0625 0.11298076923076923
118 0.4074519230769231 0.1502403846153846 0.06009615384615385 0.10336538461538461
68 0.4098557692307692 0.31971153846153844 0.055288461538461536 0.10096153846153846
68 0.40865384615384615 0.6694711538461539 0.0625 0.11298076923076923
118 0.4074519230769231 0.8461538461538461 0.055288461538461536 0.10576923076923077
12 0.3137019230769231 0.8497596153846154 0.06009615384615385 0.11298076923076923
152 0.5913461538461539 0.5 0.07692307692307693 0.14423076923076922
10 0.7235576923076923 0.17067307692307693 0.057692307692307696 0.10096153846153846
12 0.7223557692307693 0.33653846153846156 0.055288461538461536 0.10576923076923077
10 0.7271634615384616 0.6418269230769231 0.06009615384615385 0.11057692307692307
12 0.7223557692307693 0.8149038461538461 0.055288461538461536 0.10576923076923077
70 0.8329326923076923 0.6442307692307693 0.055288461538461536 0.10576923076923077
70 0.8317307692307693 0.1778846153846154 0.052884615384615384 0.10576923076923077
118 0.8341346153846154 0.33653846153846156 0.052884615384615384 0.10576923076923077
118 0.8317307692307693 0.8161057692307693 0.057692307692307696 0.11298076923076923
145 0.9447115384615384 0.17668269230769232 0.052884615384615384 0.10336538461538461
68 0.9411057692307693 0.33533653846153844 0.055288461538461536 0.11298076923076923
145 0.9423076923076923 0.6418269230769231 0.052884615384615384 0.09615384615384616
68 0.9399038461538461 0.8149038461538461 0.057692307692307696 0.11538461538461539