188 0.03365384615384615 0.43149038461538464 0.04807692307692308 0.09375
49 0.2283653846153846 0.1935096153846154 0.04326923076923077 0.08413461538461539
49 0.31850961538461536 0.1935096153846154 0.040865384615384616 0.09375
103 0.41225961538461536 0.1971153846153846 0.04567307692307692 0.08653846153846154
44 0.11778846153846154 0.43149038461538464 0.04326923076923077 0.0889423076923077
153 0.2283653846153846 0.4338942307692308 0.04807692307692308 0.0889423076923077
68 0.5829326923076923 0.15264423076923078 0.040865384615384616 0.07451923076923077
118 0.515625 0.28966346153846156 0.036057692307692304 0.07451923076923077
118 0.6502403846153846 0.28966346153846156 0.036057692307692304 0.06971153846153846
118 0.5144230769230769 0.75 0.038461538461538464 0.07692307692307693
118 0.8365384615384616 0.6899038461538461 0.03365384615384615 0.07692307692307693
158 0.5805288461538461 0.28966346153846156 0.036057692307692304 0.06971153846153846
12 0.515625 0.42427884615384615 0.040865384615384616 0.06971153846153846
12 0.515625 0.6153846153846154 0.036057692307692304 0.0673076923076923
176 0.6262019230769231 0.6911057692307693 0.036057692307692304 0.06971153846153846
182 0.7524038461538461 0.24639423076923078 0.038461538461538464 0.07932692307692307
185 0.8365384615384616 0.24879807692307693 0.038461538461538464 0.07451923076923077
50 0.9206730769230769 0.2512019230769231 0.038461538461538464 0.07932692307692307
81 0.8353365384615384 0.36899038461538464 0.036057692307692304 0.07451923076923077
150 0.7512019230769231 0.36899038461538464 0.036057692307692304 0.07451923076923077
116 0.7331730769230769 0.6923076923076923 0.038461538461538464 0.07692307692307693
153 0.6274038461538461 0.8185096153846154 0.03365384615384615 0.06490384615384616
80 0.9206730769230769 0.6911057692307693 0.03365384615384615 0.07451923076923077