153 0.28365384615384615 0.20072115384615385 0.08173076923076923 0.13701923076923078
153 0.49158653846153844 0.20072115384615385 0.04567307692307692 0.09375
200 0.1971153846153846 0.03365384615384615 0.038461538461538464 0.0625
199 0.9206730769230769 0.3701923076923077 0.07692307692307693 0.14903846153846154
88 0.6286057692307693 0.37740384615384615 0.08413461538461539 0.13942307692307693
176 0.8269230769230769 0.3786057692307692 0.0625 0.11778846153846154
188 0.057692307692307696 0.38461538461538464 0.0625 0.10576923076923077
176 0.8317307692307693 0.5997596153846154 0.0625 0.10817307692307693
74 0.2764423076923077 0.6057692307692307 0.08173076923076923 0.14903846153846154
88 0.6310096153846154 0.6081730769230769 0.07932692307692307 0.13942307692307693
176 0.8293269230769231 0.8052884615384616 0.0625 0.11057692307692307
88 0.6286057692307693 0.8100961538461539 0.08413461538461539 0.13942307692307693