44 0.5024038461538461 0.1622596153846154 0.057692307692307696 0.07451923076923077
188 0.0733173076923077 0.1935096153846154 0.07932692307692307 0.0985576923076923
188 0.9326923076923077 0.20072115384615385 0.08173076923076923 0.10336538461538461
142 0.3125 0.2932692307692308 0.019230769230769232 0.02403846153846154
142 0.5769230769230769 0.29447115384615385 0.019230769230769232 0.026442307692307692
110 0.5060096153846154 0.03485576923076923 0.08413461538461539 0.06971153846153846
153 0.23677884615384615 0.3485576923076923 0.055288461538461536 0.07211538461538461
10 0.5552884615384616 0.359375 0.057692307692307696 0.07451923076923077
97 0.07451923076923077 0.41586538461538464 0.08653846153846154 0.09615384615384616
97 0.9326923076923077 0.4170673076923077 0.08653846153846154 0.09375
140 0.31009615384615385 0.4987980769230769 0.019230769230769232 0.026442307692307692
70 0.3293269230769231 0.5516826923076923 0.02403846153846154 0.03125
70 0.5973557692307693 0.5516826923076923 0.021634615384615384 0.026442307692307692
54 0.4206730769230769 0.6033653846153846 0.04326923076923077 0.038461538461538464
54 0.6899038461538461 0.6033653846153846 0.04326923076923077 0.038461538461538464
54 0.35697115384615385 0.6057692307692307 0.05048076923076923 0.038461538461538464
54 0.6237980769230769 0.6045673076923077 0.04567307692307692 0.040865384615384616
54 0.4855769230769231 0.6057692307692307 0.04326923076923077 0.038461538461538464
54 0.7548076923076923 0.6057692307692307 0.04326923076923077 0.03365384615384615
78 0.23798076923076922 0.6129807692307693 0.057692307692307696 0.07692307692307693
178 0.9350961538461539 0.6574519230769231 0.0625 0.06490384615384616
140 0.3125 0.7427884615384616 0.019230769230769232 0.02403846153846154
158 0.23677884615384615 0.8076923076923077 0.06009615384615385 0.07211538461538461
77 0.5552884615384616 0.8076923076923077 0.057692307692307696 0.07211538461538461
138 0.6899038461538461 0.8064903846153846 0.0673076923076923 0.0889423076923077
138 0.4182692307692308 0.8076923076923077 0.07692307692307693 0.08173076923076923
200 0.15384615384615385 0.11298076923076923 0.019230769230769232 0.02403846153846154