149 0.019230769230769232 0.15745192307692307 0.028846153846153848 0.05048076923076923
200 0.019230769230769232 0.037259615384615384 0.028846153846153848 0.05048076923076923
70 0.10336538461538461 0.2512019230769231 0.03365384615384615 0.055288461538461536
70 0.10216346153846154 0.4423076923076923 0.036057692307692304 0.057692307692307696
70 0.34975961538461536 0.265625 0.03125 0.055288461538461536
70 0.35336538461538464 0.4519230769230769 0.03365384615384615 0.052884615384615384
70 0.5709134615384616 0.25841346153846156 0.03125 0.055288461538461536
70 0.5733173076923077 0.45072115384615385 0.03125 0.055288461538461536
70 0.5709134615384616 0.6911057692307693 0.03125 0.055288461538461536
70 0.35096153846153844 0.6935096153846154 0.03365384615384615 0.055288461538461536
70 0.10336538461538461 0.6766826923076923 0.03365384615384615 0.06009615384615385
149 0.020432692307692308 0.5805288461538461 0.026442307692307692 0.04567307692307692
140 0.1971153846153846 0.22596153846153846 0.02403846153846154 0.038461538461538464
140 0.3076923076923077 0.22355769230769232 0.02403846153846154 0.038461538461538464
140 0.41346153846153844 0.22235576923076922 0.02403846153846154 0.040865384615384616
140 0.5240384615384616 0.22115384615384615 0.02403846153846154 0.04326923076923077
140 0.5276442307692307 0.41225961538461536 0.021634615384615384 0.040865384615384616
140 0.41947115384615385 0.41346153846153844 0.021634615384615384 0.038461538461538464
140 0.31009615384615385 0.41466346153846156 0.02403846153846154 0.040865384615384616
140 0.20072115384615385 0.41225961538461536 0.026442307692307692 0.040865384615384616
120 0.2403846153846154 0.26802884615384615 0.03365384615384615 0.06009615384615385
120 0.24278846153846154 0.4495192307692308 0.03365384615384615 0.057692307692307696
145 0.45552884615384615 0.25961538461538464 0.03125 0.052884615384615384
145 0.46033653846153844 0.4495192307692308 0.03125 0.052884615384615384
120 0.24158653846153846 0.6959134615384616 0.036057692307692304 0.055288461538461536
145 0.4579326923076923 0.6923076923076923 0.03125 0.04807692307692308
70 0.10336538461538461 0.8713942307692307 0.038461538461538464 0.06009615384615385
140 0.20072115384615385 0.8425480769230769 0.026442307692307692 0.040865384615384616
140 0.31009615384615385 0.84375 0.02403846153846154 0.04326923076923077
140 0.4182692307692308 0.8401442307692307 0.02403846153846154 0.04567307692307692
140 0.5288461538461539 0.8401442307692307 0.02403846153846154 0.04567307692307692
70 0.5745192307692307 0.8762019230769231 0.03365384615384615 0.055288461538461536
145 0.46274038461538464 0.8798076923076923 0.036057692307692304 0.052884615384615384
70 0.3545673076923077 0.8798076923076923 0.03125 0.057692307692307696
120 0.24519230769230768 0.8834134615384616 0.03365384615384615 0.055288461538461536
140 0.1971153846153846 0.6538461538461539 0.02403846153846154 0.038461538461538464
140 0.30649038461538464 0.6538461538461539 0.026442307692307692 0.038461538461538464
140 0.41586538461538464 0.6514423076923077 0.028846153846153848 0.04326923076923077
140 0.5252403846153846 0.6526442307692307 0.026442307692307692 0.04567307692307692
191 0.6778846153846154 0.8028846153846154 0.038461538461538464 0.057692307692307696
191 0.6778846153846154 0.37259615384615385 0.03365384615384615 0.0625
64 0.7319711538461539 0.5552884615384616 0.03125 0.052884615384615384