160 0.4831730769230769 0.44591346153846156 0.0673076923076923 0.10336538461538461
118 0.33413461538461536 0.4483173076923077 0.057692307692307696 0.07932692307692307
12 0.22115384615384615 0.453125 0.0673076923076923 0.0889423076923077
123 0.75 0.5420673076923077 0.052884615384615384 0.06971153846153846
160 0.5805288461538461 0.5721153846153846 0.05048076923076923 0.0673076923076923
160 0.4795673076923077 0.6033653846153846 0.04567307692307692 0.08653846153846154
153 0.32572115384615385 0.6105769230769231 0.055288461538461536 0.09134615384615384
160 0.7800480769230769 0.6634615384615384 0.04567307692307692 0.0625
160 0.7103365384615384 0.6670673076923077 0.05048076923076923 0.055288461538461536
160 0.9278846153846154 0.6730769230769231 0.057692307692307696 0.07692307692307693
197 0.2848557692307692 0.07572115384615384 0.06490384615384616 0.08413461538461539
58 0.16826923076923078 0.7692307692307693 0.04807692307692308 0.08173076923076923
153 0.5408653846153846 0.78125 0.04807692307692308 0.08653846153846154
125 0.1935096153846154 0.07932692307692307 0.04567307692307692 0.10576923076923077
99 0.46634615384615385 0.7836538461538461 0.04326923076923077 0.08653846153846154
99 0.328125 0.7848557692307693 0.04567307692307692 0.08413461538461539
153 0.2548076923076923 0.7860576923076923 0.03365384615384615 0.0673076923076923
153 0.40024038461538464 0.7872596153846154 0.04567307692307692 0.07451923076923077
160 0.7019230769230769 0.7944711538461539 0.0625 0.06009615384615385
160 0.78125 0.8004807692307693 0.052884615384615384 0.08653846153846154
57 0.04927884615384615 0.6574519230769231 0.055288461538461536 0.0985576923076923
121 0.9242788461538461 0.7992788461538461 0.04567307692307692 0.07932692307692307