86 0.4855769230769231 0.33774038461538464 0.038461538461538464 0.07932692307692307
48 0.7932692307692307 0.3870192307692308 0.0625 0.12980769230769232
149 0.021634615384615384 0.046875 0.04326923076923077 0.09375
70 0.46634615384615385 0.5240384615384616 0.052884615384615384 0.11538461538461539
79 0.38341346153846156 0.5240384615384616 0.06490384615384616 0.1346153846153846
70 0.5264423076923077 0.5252403846153846 0.04807692307692308 0.13221153846153846
62 0.8461538461538461 0.5733173076923077 0.052884615384615384 0.11298076923076923
10 0.22956730769230768 0.6274038461538461 0.06009615384615385 0.12980769230769232
70 0.49278846153846156 0.7091346153846154 0.07211538461538461 0.15384615384615385
70 0.38100961538461536 0.7115384615384616 0.06490384615384616 0.13942307692307693
118 0.8497596153846154 0.7980769230769231 0.05048076923076923 0.09134615384615384
89 0.6153846153846154 0.1201923076923077 0.0673076923076923 0.14423076923076922
87 0.46274038461538464 0.12139423076923077 0.055288461538461536 0.12259615384615384
151 0.3088942307692308 0.12259615384615384 0.055288461538461536 0.1201923076923077
40 0.08653846153846154 0.19230769230769232 0.0625 0.1346153846153846
24 0.7331730769230769 0.24158653846153846 0.04326923076923077 0.08413461538461539