118 0.39302884615384615 0.1346153846153846 0.040865384615384616 0.07211538461538461
68 0.24639423076923078 0.13581730769230768 0.04567307692307692 0.07932692307692307
118 0.5432692307692307 0.1466346153846154 0.038461538461538464 0.07211538461538461
153 0.921875 0.1502403846153846 0.04567307692307692 0.08413461538461539
20 0.6346153846153846 0.1502403846153846 0.04807692307692308 0.08413461538461539
31 0.8269230769230769 0.14903846153846154 0.04326923076923077 0.07692307692307693
153 0.7319711538461539 0.1502403846153846 0.04567307692307692 0.07932692307692307
49 0.24519230769230768 0.2776442307692308 0.04807692307692308 0.07932692307692307
200 0.09735576923076923 0.03365384615384615 0.03125 0.052884615384615384
140 0.5252403846153846 0.3473557692307692 0.026442307692307692 0.055288461538461536
153 0.8737980769230769 0.37740384615384615 0.040865384615384616 0.07692307692307693
129 0.7007211538461539 0.45913461538461536 0.040865384615384616 0.07692307692307693
118 0.5949519230769231 0.45913461538461536 0.036057692307692304 0.0673076923076923
19 0.43149038461538464 0.4699519230769231 0.04567307692307692 0.08413461538461539
188 0.03365384615384615 0.4699519230769231 0.04326923076923077 0.08413461538461539
12 0.35697115384615385 0.47115384615384615 0.04567307692307692 0.08173076923076923
44 0.14423076923076922 0.47596153846153844 0.04807692307692308 0.08173076923076923
153 0.24639423076923078 0.47596153846153844 0.04567307692307692 0.08173076923076923
48 0.8725961538461539 0.5480769230769231 0.04326923076923077 0.07692307692307693
80 0.6995192307692307 0.5901442307692307 0.04326923076923077 0.07932692307692307
118 0.59375 0.5913461538461539 0.038461538461538464 0.0673076923076923
12 0.39783653846153844 0.6454326923076923 0.04567307692307692 0.08413461538461539
45 0.8737980769230769 0.7091346153846154 0.04567307692307692 0.08173076923076923
15 0.15745192307692307 0.7704326923076923 0.04567307692307692 0.08413461538461539
153 0.26322115384615385 0.7740384615384616 0.04567307692307692 0.08173076923076923
155 0.39903846153846156 0.7740384615384616 0.04807692307692308 0.08173076923076923
79 0.6478365384615384 0.7920673076923077 0.04567307692307692 0.08413461538461539
78 0.71875 0.8581730769230769 0.04807692307692308 0.08653846153846154
88 0.5721153846153846 0.8569711538461539 0.04807692307692308 0.08413461538461539
106 0.8713942307692307 0.8581730769230769 0.040865384615384616 0.0673076923076923
51 0.39783653846153844 0.9050480769230769 0.04567307692307692 0.08413461538461539