200 0.28846153846153844 0.15504807692307693 0.028846153846153848 0.05048076923076923
33 0.6550480769230769 0.18870192307692307 0.03125 0.05048076923076923
188 0.07451923076923077 0.24639423076923078 0.038461538461538464 0.06971153846153846
52 0.36658653846153844 0.25 0.036057692307692304 0.0673076923076923
53 0.5973557692307693 0.25240384615384615 0.03125 0.0625
153 0.7596153846153846 0.2548076923076923 0.03365384615384615 0.0625
32 0.6550480769230769 0.3485576923076923 0.036057692307692304 0.0625
116 0.53125 0.3485576923076923 0.03365384615384615 0.0673076923076923
118 0.46634615384615385 0.34975961538461536 0.038461538461538464 0.06490384615384616
148 0.7584134615384616 0.46274038461538464 0.036057692307692304 0.06490384615384616
18 0.36538461538461536 0.47716346153846156 0.03365384615384615 0.06490384615384616
12 0.4675480769230769 0.47836538461538464 0.036057692307692304 0.0625
118 0.5697115384615384 0.578125 0.03365384615384615 0.06490384615384616
118 0.36658653846153844 0.578125 0.036057692307692304 0.06971153846153846
118 0.46634615384615385 0.5793269230769231 0.03365384615384615 0.0625
12 0.6670673076923077 0.5805288461538461 0.036057692307692304 0.06490384615384616
144 0.7596153846153846 0.6802884615384616 0.03365384615384615 0.0625
145 0.46634615384615385 0.7512019230769231 0.03365384615384615 0.06490384615384616
145 0.5709134615384616 0.7512019230769231 0.036057692307692304 0.06490384615384616
68 0.6682692307692307 0.7512019230769231 0.03365384615384615 0.06009615384615385
145 0.36778846153846156 0.7536057692307693 0.03365384615384615 0.06009615384615385
200 0.039663461538461536 0.9651442307692307 0.06009615384615385 0.06490384615384616