149 0.16826923076923078 0.203125 0.052884615384615384 0.11298076923076923
161 0.7247596153846154 0.28725961538461536 0.10817307692307693 0.19951923076923078
197 0.05889423076923077 0.5709134615384616 0.06971153846153846 0.16105769230769232
72 0.7247596153846154 0.5757211538461539 0.06490384615384616 0.13221153846153846
49 0.8942307692307693 0.5793269230769231 0.10096153846153846 0.20673076923076922
118 0.5540865384615384 0.5793269230769231 0.06009615384615385 0.12980769230769232
195 0.21153846153846154 0.5805288461538461 0.09615384615384616 0.18990384615384615
12 0.3858173076923077 0.5817307692307693 0.10336538461538461 0.21153846153846154
200 0.1466346153846154 0.07091346153846154 0.057692307692307696 0.10336538461538461
188 0.06009615384615385 0.32211538461538464 0.07211538461538461 0.13942307692307693
188 0.06129807692307692 0.8257211538461539 0.06971153846153846 0.14182692307692307