152 0.5901442307692307 0.11778846153846154 0.06490384615384616 0.052884615384615384
44 0.4567307692307692 0.1971153846153846 0.07211538461538461 0.057692307692307696
153 0.18509615384615385 0.25240384615384615 0.0673076923076923 0.052884615384615384
142 0.30528846153846156 0.33774038461538464 0.052884615384615384 0.036057692307692304
142 0.734375 0.33774038461538464 0.04567307692307692 0.040865384615384616
195 0.7536057692307693 0.1971153846153846 0.06971153846153846 0.04807692307692308
166 0.9098557692307693 0.10216346153846154 0.06971153846153846 0.06009615384615385
128 0.37259615384615385 0.3762019230769231 0.057692307692307696 0.04567307692307692
128 0.8064903846153846 0.3737980769230769 0.06490384615384616 0.05048076923076923
140 0.30528846153846156 0.48677884615384615 0.04807692307692308 0.036057692307692304
140 0.7355769230769231 0.4855769230769231 0.052884615384615384 0.038461538461538464
140 0.30649038461538464 0.6670673076923077 0.05048076923076923 0.040865384615384616
140 0.7379807692307693 0.6646634615384616 0.052884615384615384 0.040865384615384616
74 0.5877403846153846 0.43149038461538464 0.06971153846153846 0.055288461538461536
74 0.5889423076923077 0.6778846153846154 0.07211538461538461 0.052884615384615384
195 0.28966346153846156 0.13581730769230768 0.06971153846153846 0.055288461538461536
200 0.03125 0.09014423076923077 0.0625 0.05048076923076923
197 0.31490384615384615 0.030048076923076924 0.07211538461538461 0.055288461538461536
70 0.3713942307692308 0.5528846153846154 0.07932692307692307 0.0625
70 0.7908653846153846 0.5504807692307693 0.07692307692307693 0.0673076923076923
70 0.3762019230769231 0.7415865384615384 0.08413461538461539 0.06009615384615385
70 0.7860576923076923 0.7403846153846154 0.08173076923076923 0.0625
22 0.5913461538461539 0.7259615384615384 0.07211538461538461 0.057692307692307696
22 0.5829326923076923 0.5384615384615384 0.07932692307692307 0.052884615384615384
140 0.3088942307692308 0.8497596153846154 0.05048076923076923 0.036057692307692304
140 0.7415865384615384 0.8485576923076923 0.055288461538461536 0.038461538461538464
71 0.1346153846153846 0.7415865384615384 0.0673076923076923 0.055288461538461536
77 0.13701923076923078 0.8978365384615384 0.0673076923076923 0.05048076923076923
145 0.3737980769230769 0.90625 0.06490384615384616 0.052884615384615384
145 0.8028846153846154 0.90625 0.0625 0.04807692307692308