200 0.021634615384615384 0.039663461538461536 0.04326923076923077 0.07932692307692307
188 0.06129807692307692 0.26802884615384615 0.040865384615384616 0.07932692307692307
104 0.07692307692307693 0.4831730769230769 0.04807692307692308 0.0673076923076923
40 0.2536057692307692 0.38461538461538464 0.07451923076923077 0.12980769230769232
153 0.5048076923076923 0.3798076923076923 0.0673076923076923 0.125
41 0.6875 0.38221153846153844 0.0673076923076923 0.1201923076923077
45 0.4254807692307692 0.734375 0.10096153846153846 0.17548076923076922
47 0.5901442307692307 0.7295673076923077 0.0985576923076923 0.18509615384615385
155 0.7199519230769231 0.7752403846153846 0.040865384615384616 0.07932692307692307
103 0.08774038461538461 0.6814903846153846 0.04567307692307692 0.09375
103 0.7932692307692307 0.46033653846153844 0.04326923076923077 0.07932692307692307
48 0.1466346153846154 0.6033653846153846 0.038461538461538464 0.07211538461538461
46 0.23076923076923078 0.734375 0.09615384615384616 0.17548076923076922
155 0.890625 0.5432692307692307 0.040865384615384616 0.07692307692307693
40 0.8918269230769231 0.7908653846153846 0.0673076923076923 0.125
179 0.41466346153846156 0.3088942307692308 0.036057692307692304 0.08413461538461539
179 0.3173076923076923 0.6887019230769231 0.03365384615384615 0.07932692307692307
179 0.5012019230769231 0.6850961538461539 0.036057692307692304 0.07692307692307693
179 0.65625 0.6899038461538461 0.03365384615384615 0.08173076923076923