10 0.7079326923076923 0.7848557692307693 0.040865384615384616 0.07932692307692307
152 0.8161057692307693 0.7884615384615384 0.055288461538461536 0.10576923076923077
200 0.515625 0.13341346153846154 0.036057692307692304 0.06490384615384616
73 0.040865384615384616 0.13341346153846154 0.038461538461538464 0.06971153846153846
140 0.06129807692307692 0.2536057692307692 0.026442307692307692 0.04567307692307692
142 0.6658653846153846 0.2548076923076923 0.02403846153846154 0.04807692307692308
127 0.6045673076923077 0.27524038461538464 0.06490384615384616 0.06490384615384616
21 0.5408653846153846 0.3233173076923077 0.052884615384615384 0.09375
138 0.6033653846153846 0.35216346153846156 0.04807692307692308 0.07932692307692307
70 0.13942307692307693 0.3858173076923077 0.04326923076923077 0.08413461538461539
22 0.13822115384615385 0.4795673076923077 0.036057692307692304 0.06009615384615385
71 0.609375 0.4951923076923077 0.05048076923076923 0.08653846153846154
113 0.5372596153846154 0.49759615384615385 0.05048076923076923 0.09134615384615384
128 0.7103365384615384 0.546875 0.040865384615384616 0.07451923076923077
70 0.13942307692307693 0.5733173076923077 0.04807692307692308 0.07932692307692307
145 0.5360576923076923 0.6526442307692307 0.04807692307692308 0.0889423076923077
110 0.9254807692307693 0.6598557692307693 0.0625 0.11298076923076923