118 0.4098557692307692 0.13822115384615385 0.07932692307692307 0.09375
103 0.8413461538461539 0.15384615384615385 0.07211538461538461 0.0673076923076923
155 0.9146634615384616 0.3389423076923077 0.06490384615384616 0.10096153846153846
155 0.7524038461538461 0.3389423076923077 0.07211538461538461 0.09615384615384616
155 0.8341346153846154 0.34134615384615385 0.0673076923076923 0.09615384615384616
188 0.0673076923076923 0.3425480769230769 0.07692307692307693 0.0985576923076923
12 0.40625 0.34375 0.0673076923076923 0.09134615384615384
118 0.40625 0.5372596153846154 0.07692307692307693 0.08413461538461539
48 0.25721153846153844 0.6189903846153846 0.0673076923076923 0.11298076923076923
97 0.09375 0.6201923076923077 0.08173076923076923 0.11538461538461539
118 0.5877403846153846 0.8569711538461539 0.07932692307692307 0.10336538461538461
40 0.40625 0.859375 0.0673076923076923 0.0889423076923077