49 0.24519230769230768 0.20432692307692307 0.07211538461538461 0.16826923076923078
118 0.4338942307692308 0.2956730769230769 0.07932692307692307 0.16346153846153846
161 0.6165865384615384 0.296875 0.07451923076923077 0.17067307692307693
113 0.8521634615384616 0.30408653846153844 0.07451923076923077 0.1658653846153846
188 0.02283653846153846 0.41586538461538464 0.040865384615384616 0.10576923076923077
44 0.24639423076923078 0.42908653846153844 0.07451923076923077 0.1658653846153846
140 0.5456730769230769 0.6177884615384616 0.03365384615384615 0.07692307692307693
140 0.7692307692307693 0.6213942307692307 0.03365384615384615 0.06971153846153846
200 0.14423076923076922 0.07211538461538461 0.038461538461538464 0.08173076923076923
12 0.38221153846153844 0.7211538461538461 0.07211538461538461 0.16826923076923078
195 0.24639423076923078 0.7259615384615384 0.07451923076923077 0.16346153846153846
118 0.6165865384615384 0.7295673076923077 0.06971153846153846 0.16105769230769232
145 0.8497596153846154 0.7331730769230769 0.06971153846153846 0.16346153846153846