44 0.07451923076923077 0.17548076923076922 0.07211538461538461 0.1201923076923077
45 0.7175480769230769 0.17668269230769232 0.06490384615384616 0.10336538461538461
153 0.6009615384615384 0.1814903846153846 0.0673076923076923 0.11298076923076923
153 0.4182692307692308 0.48197115384615385 0.0673076923076923 0.12259615384615384
12 0.06610576923076923 0.5444711538461539 0.07451923076923077 0.11298076923076923
118 0.18870192307692307 0.5528846153846154 0.07932692307692307 0.125
78 0.9290865384615384 0.5889423076923077 0.06971153846153846 0.1201923076923077
88 0.7415865384615384 0.671875 0.06971153846153846 0.11298076923076923
68 0.4206730769230769 0.6754807692307693 0.0673076923076923 0.11538461538461539
118 0.5396634615384616 0.6766826923076923 0.06490384615384616 0.12740384615384615
40 0.9314903846153846 0.7728365384615384 0.06971153846153846 0.12259615384615384
49 0.06129807692307692 0.7824519230769231 0.06009615384615385 0.12740384615384615
103 0.18509615384615385 0.7848557692307693 0.07211538461538461 0.11298076923076923
158 0.42427884615384615 0.8774038461538461 0.06490384615384616 0.10096153846153846
153 0.1935096153846154 0.17067307692307693 0.06971153846153846 0.125
48 0.5444711538461539 0.10216346153846154 0.036057692307692304 0.055288461538461536
106 0.4230769230769231 0.1778846153846154 0.04807692307692308 0.08173076923076923