66 0.7848557692307693 0.33774038461538464 0.040865384615384616 0.055288461538461536
78 0.7836538461538461 0.4831730769230769 0.038461538461538464 0.07211538461538461
70 0.8870192307692307 0.4855769230769231 0.038461538461538464 0.07211538461538461
188 0.025240384615384616 0.5096153846153846 0.040865384615384616 0.08173076923076923
118 0.21153846153846154 0.5120192307692307 0.03365384615384615 0.07211538461538461
12 0.12379807692307693 0.515625 0.036057692307692304 0.06971153846153846
153 0.41586538461538464 0.6466346153846154 0.03365384615384615 0.07692307692307693
29 0.34134615384615385 0.07211538461538461 0.038461538461538464 0.07211538461538461
188 0.02403846153846154 0.07572115384615384 0.038461538461538464 0.07451923076923077
68 0.7367788461538461 0.8401442307692307 0.036057692307692304 0.07451923076923077
153 0.8786057692307693 0.8401442307692307 0.036057692307692304 0.07451923076923077
153 0.8076923076923077 0.8401442307692307 0.03365384615384615 0.07932692307692307
48 0.23076923076923078 0.07572115384615384 0.03365384615384615 0.06971153846153846
10 0.6959134615384616 0.6466346153846154 0.036057692307692304 0.07692307692307693
49 0.125 0.35216346153846156 0.038461538461538464 0.07932692307692307