200 0.13701923076923078 0.016826923076923076 0.02403846153846154 0.03365384615384615
68 0.7403846153846154 0.22235576923076922 0.07211538461538461 0.11298076923076923
49 0.8509615384615384 0.2247596153846154 0.0673076923076923 0.10817307692307693
9 0.9675480769230769 0.2247596153846154 0.06490384615384616 0.10336538461538461
153 0.2920673076923077 0.24879807692307693 0.06971153846153846 0.10817307692307693
118 0.5588942307692307 0.25240384615384615 0.06971153846153846 0.10576923076923077
34 0.2920673076923077 0.43509615384615385 0.06971153846153846 0.11057692307692307
12 0.9675480769230769 0.04927884615384615 0.06009615384615385 0.0985576923076923
118 0.7391826923076923 0.04927884615384615 0.06490384615384616 0.0985576923076923
153 0.8521634615384616 0.051682692307692304 0.06490384615384616 0.10336538461538461
118 0.4338942307692308 0.5853365384615384 0.06971153846153846 0.11778846153846154
68 0.5576923076923077 0.5865384615384616 0.07211538461538461 0.10576923076923077
12 0.2920673076923077 0.5901442307692307 0.06490384615384616 0.10817307692307693
153 0.29086538461538464 0.07572115384615384 0.0673076923076923 0.10817307692307693
153 0.29086538461538464 0.8978365384615384 0.0673076923076923 0.10817307692307693
49 0.29086538461538464 0.7487980769230769 0.07211538461538461 0.10817307692307693