49 0.3737980769230769 0.30408653846153844 0.06490384615384616 0.11778846153846154
125 0.10216346153846154 0.3269230769230769 0.036057692307692304 0.08653846153846154
118 0.8629807692307693 0.38341346153846156 0.04807692307692308 0.0889423076923077
197 0.09975961538461539 0.5108173076923077 0.05048076923076923 0.08413461538461539
73 0.8677884615384616 0.5192307692307693 0.0625 0.09615384615384616
12 0.37259615384615385 0.5829326923076923 0.0673076923076923 0.12259615384615384
74 0.6009615384615384 0.5829326923076923 0.07211538461538461 0.12740384615384615
155 0.09975961538461539 0.6850961538461539 0.040865384615384616 0.07211538461538461
79 0.8641826923076923 0.7091346153846154 0.055288461538461536 0.10096153846153846
200 0.203125 0.07692307692307693 0.040865384615384616 0.0673076923076923
118 0.3737980769230769 0.8497596153846154 0.06971153846153846 0.12259615384615384