70 0.8449519230769231 0.296875 0.05048076923076923 0.09375
149 0.38341346153846156 0.03125 0.036057692307692304 0.0625
110 0.21995192307692307 0.31490384615384615 0.0889423076923077 0.125
12 0.4567307692307692 0.3389423076923077 0.07211538461538461 0.13942307692307693
142 0.6971153846153846 0.421875 0.03365384615384615 0.06009615384615385
10 0.8473557692307693 0.4483173076923077 0.04567307692307692 0.09375
70 0.8485576923076923 0.59375 0.04807692307692308 0.09615384615384616
200 0.453125 0.6334134615384616 0.06490384615384616 0.0889423076923077
110 0.6334134615384616 0.8762019230769231 0.09375 0.12259615384615384
118 0.5685096153846154 0.09615384615384616 0.07451923076923077 0.13942307692307693
125 0.046875 0.11658653846153846 0.040865384615384616 0.11778846153846154
140 0.6971153846153846 0.12259615384615384 0.03365384615384615 0.0625
118 0.8413461538461539 0.15504807692307693 0.04807692307692308 0.09375