79 0.6418269230769231 0.33413461538461536 0.0625 0.09615384615384616
70 0.7692307692307693 0.33774038461538464 0.0673076923076923 0.12259615384615384
44 0.34975961538461536 0.3389423076923077 0.07451923076923077 0.12980769230769232
110 0.19591346153846154 0.3449519230769231 0.07451923076923077 0.0889423076923077
153 0.5036057692307693 0.35096153846153844 0.07932692307692307 0.125
77 0.9146634615384616 0.42427884615384615 0.06490384615384616 0.13221153846153846
200 0.6454326923076923 0.052884615384615384 0.07932692307692307 0.10576923076923077
103 0.71875 0.5288461538461539 0.038461538461538464 0.08653846153846154
118 0.7740384615384616 0.5649038461538461 0.03365384615384615 0.057692307692307696
118 0.6430288461538461 0.5685096153846154 0.06490384615384616 0.12259615384615384
12 0.5012019230769231 0.5745192307692307 0.06490384615384616 0.11057692307692307
118 0.7908653846153846 0.5985576923076923 0.028846153846153848 0.052884615384615384
68 0.9170673076923077 0.6466346153846154 0.06971153846153846 0.125
40 0.5036057692307693 0.796875 0.07932692307692307 0.13221153846153846
120 0.9170673076923077 0.8605769230769231 0.07451923076923077 0.125
49 0.49399038461538464 0.11177884615384616 0.06490384615384616 0.11298076923076923
116 0.9158653846153846 0.21033653846153846 0.07211538461538461 0.12259615384615384
197 0.040865384615384616 0.34615384615384615 0.07211538461538461 0.12980769230769232