153 0.054086538461538464 0.1502403846153846 0.06490384615384616 0.16105769230769232
153 0.055288461538461536 0.49759615384615385 0.07211538461538461 0.15384615384615385
171 0.22355769230769232 0.21995192307692307 0.0673076923076923 0.15625
171 0.3713942307692308 0.22115384615384615 0.06490384615384616 0.15384615384615385
81 0.4651442307692308 0.22355769230769232 0.06490384615384616 0.14903846153846154
171 0.6141826923076923 0.21875 0.06490384615384616 0.16346153846153846
118 0.21394230769230768 0.7103365384615384 0.0673076923076923 0.1466346153846154
68 0.35096153846153844 0.7103365384615384 0.0673076923076923 0.15144230769230768
40 0.49399038461538464 0.7103365384615384 0.06971153846153846 0.16105769230769232
157 0.6322115384615384 0.7067307692307693 0.07211538461538461 0.15865384615384615
81 0.8112980769230769 0.16947115384615385 0.06971153846153846 0.15625
153 0.8100961538461539 0.4963942307692308 0.0673076923076923 0.15144230769230768
158 0.8125 0.7836538461538461 0.07211538461538461 0.15384615384615385
44 0.9543269230769231 0.3329326923076923 0.0673076923076923 0.15625