149 0.042067307692307696 0.13942307692307693 0.06490384615384616 0.07211538461538461
149 0.5288461538461539 0.140625 0.0673076923076923 0.06971153846153846
12 0.7524038461538461 0.1622596153846154 0.08653846153846154 0.0889423076923077
12 0.2692307692307692 0.16706730769230768 0.08653846153846154 0.09375
140 0.5913461538461539 0.24759615384615385 0.04326923076923077 0.04807692307692308
140 0.8028846153846154 0.24879807692307693 0.038461538461538464 0.04567307692307692
140 0.10817307692307693 0.24879807692307693 0.04807692307692308 0.04567307692307692
140 0.32211538461538464 0.2512019230769231 0.04807692307692308 0.040865384615384616
118 0.8689903846153846 0.3870192307692308 0.09375 0.11057692307692307
118 0.16105769230769232 0.3870192307692308 0.10096153846153846 0.10576923076923077
118 0.6418269230769231 0.3870192307692308 0.10096153846153846 0.10576923076923077
118 0.38461538461538464 0.3918269230769231 0.09134615384615384 0.10576923076923077
44 0.890625 0.042067307692307696 0.0889423076923077 0.08413461538461539
152 0.5 0.04326923076923077 0.09615384615384616 0.08653846153846154
118 0.6490384615384616 0.5913461538461539 0.10576923076923077 0.1201923076923077
118 0.16466346153846154 0.5949519230769231 0.10336538461538461 0.11298076923076923
118 0.8569711538461539 0.6009615384615384 0.10336538461538461 0.11538461538461539
118 0.37740384615384615 0.6057692307692307 0.10096153846153846 0.10096153846153846
68 0.41947115384615385 0.78125 0.0889423076923077 0.09134615384615384
68 0.5697115384615384 0.7848557692307693 0.08653846153846154 0.09375
99 0.9170673076923077 0.7896634615384616 0.07932692307692307 0.0985576923076923
144 0.8305288461538461 0.7908653846153846 0.08413461538461539 0.09615384615384616
144 0.07091346153846154 0.7908653846153846 0.09375 0.09615384615384616
99 0.18509615384615385 0.7944711538461539 0.08653846153846154 0.0985576923076923
153 0.7536057692307693 0.8557692307692307 0.07932692307692307 0.08173076923076923
153 0.2644230769230769 0.859375 0.07692307692307693 0.07932692307692307
113 0.07451923076923077 0.9014423076923077 0.10096153846153846 0.09615384615384616
113 0.921875 0.90625 0.0889423076923077 0.09615384615384616