125 0.10576923076923077 0.30288461538461536 0.057692307692307696 0.125
118 0.7596153846153846 0.3076923076923077 0.04807692307692308 0.10096153846153846
110 0.3016826923076923 0.5252403846153846 0.055288461538461536 0.09375
70 0.7596153846153846 0.5264423076923077 0.057692307692307696 0.11057692307692307
79 0.8257211538461539 0.5264423076923077 0.055288461538461536 0.10576923076923077
198 0.10336538461538461 0.5276442307692307 0.08653846153846154 0.13221153846153846
12 0.5252403846153846 0.5264423076923077 0.055288461538461536 0.10096153846153846
44 0.4230769230769231 0.5276442307692307 0.057692307692307696 0.10336538461538461
73 0.7980769230769231 0.703125 0.0625 0.11298076923076923
40 0.5288461538461539 0.8173076923076923 0.057692307692307696 0.10576923076923077
200 0.37259615384615385 0.13581730769230768 0.04326923076923077 0.08413461538461539