70 0.35216346153846156 0.6153846153846154 0.036057692307692304 0.04807692307692308
10 0.41225961538461536 0.6165865384615384 0.036057692307692304 0.05048076923076923
70 0.7824519230769231 0.6237980769230769 0.036057692307692304 0.05048076923076923
22 0.7536057692307693 0.6502403846153846 0.040865384615384616 0.05048076923076923
22 0.5709134615384616 0.6538461538461539 0.040865384615384616 0.04807692307692308
140 0.47716346153846156 0.7271634615384616 0.016826923076923076 0.03125
77 0.9338942307692307 0.7319711538461539 0.040865384615384616 0.06009615384615385
128 0.3545673076923077 0.7391826923076923 0.036057692307692304 0.04567307692307692
79 0.8305288461538461 0.7536057692307693 0.04567307692307692 0.06009615384615385
54 0.7908653846153846 0.7944711538461539 0.04807692307692308 0.04567307692307692
54 0.6105769230769231 0.7944711538461539 0.04807692307692308 0.04567307692307692
54 0.7307692307692307 0.7956730769230769 0.04807692307692308 0.04807692307692308
54 0.5492788461538461 0.7944711538461539 0.05048076923076923 0.04567307692307692
54 0.6706730769230769 0.7944711538461539 0.04807692307692308 0.04567307692307692
145 0.9350961538461539 0.8569711538461539 0.038461538461538464 0.06009615384615385
54 0.6682692307692307 0.8617788461538461 0.04807692307692308 0.04567307692307692
54 0.6105769230769231 0.8629807692307693 0.04807692307692308 0.04807692307692308
54 0.7295673076923077 0.8629807692307693 0.04567307692307692 0.04326923076923077
54 0.5504807692307693 0.8641826923076923 0.04807692307692308 0.04567307692307692
54 0.7944711538461539 0.8689903846153846 0.06490384615384616 0.06490384615384616
70 0.6009615384615384 0.14903846153846154 0.038461538461538464 0.052884615384615384
68 0.9362980769230769 0.15625 0.040865384615384616 0.0625
70 0.34975961538461536 0.16346153846153846 0.036057692307692304 0.04326923076923077
74 0.4110576923076923 0.1658653846153846 0.03365384615384615 0.04807692307692308
70 0.7824519230769231 0.17067307692307693 0.036057692307692304 0.04807692307692308
22 0.7536057692307693 0.1971153846153846 0.036057692307692304 0.052884615384615384
22 0.5721153846153846 0.20072115384615385 0.04326923076923077 0.05048076923076923
140 0.47596153846153844 0.27524038461538464 0.019230769230769232 0.026442307692307692
77 0.9362980769230769 0.2800480769230769 0.040865384615384616 0.06009615384615385
128 0.35336538461538464 0.28846153846153844 0.03365384615384615 0.052884615384615384
200 0.21394230769230768 0.03125 0.04326923076923077 0.04807692307692308
79 0.828125 0.30528846153846156 0.040865384615384616 0.057692307692307696
54 0.6117788461538461 0.3389423076923077 0.04567307692307692 0.04807692307692308
54 0.7920673076923077 0.3401442307692308 0.05048076923076923 0.04567307692307692
54 0.5480769230769231 0.34134615384615385 0.04807692307692308 0.04326923076923077
54 0.7319711538461539 0.3425480769230769 0.04567307692307692 0.04567307692307692
54 0.6706730769230769 0.34375 0.04807692307692308 0.04807692307692308
54 0.5492788461538461 0.4098557692307692 0.05048076923076923 0.04567307692307692
54 0.7295673076923077 0.4098557692307692 0.04567307692307692 0.04567307692307692
54 0.6682692307692307 0.4098557692307692 0.04807692307692308 0.04567307692307692
54 0.6105769230769231 0.4110576923076923 0.04807692307692308 0.04326923076923077
54 0.7932692307692307 0.4170673076923077 0.0673076923076923 0.06971153846153846
74 0.20673076923076922 0.5024038461538461 0.04807692307692308 0.0625
152 0.057692307692307696 0.5024038461538461 0.04326923076923077 0.057692307692307696
110 0.12860576923076922 0.5036057692307693 0.036057692307692304 0.055288461538461536
70 0.6021634615384616 0.6057692307692307 0.036057692307692304 0.052884615384615384
68 0.9350961538461539 0.6105769230769231 0.04326923076923077 0.057692307692307696
145 0.9326923076923077 0.4014423076923077 0.04326923076923077 0.057692307692307696