74 0.3858173076923077 0.23677884615384615 0.040865384615384616 0.06971153846153846
74 0.3894230769230769 0.5973557692307693 0.04326923076923077 0.07451923076923077
195 0.25961538461538464 0.4170673076923077 0.04326923076923077 0.07451923076923077
195 0.5144230769230769 0.4170673076923077 0.04326923076923077 0.07451923076923077
70 0.2692307692307692 0.7848557692307693 0.04326923076923077 0.07451923076923077
70 0.5144230769230769 0.7788461538461539 0.04326923076923077 0.07692307692307693
22 0.390625 0.7608173076923077 0.04567307692307692 0.07451923076923077
140 0.21394230769230768 0.3137019230769231 0.03365384615384615 0.05048076923076923
140 0.21754807692307693 0.6862980769230769 0.03125 0.06490384615384616
111 0.7391826923076923 0.5829326923076923 0.040865384615384616 0.07932692307692307
140 0.21875 0.9423076923076923 0.028846153846153848 0.057692307692307696
110 0.9098557692307693 0.5625 0.11298076923076923 0.125