44 0.09615384615384616 0.38822115384615385 0.04326923076923077 0.10336538461538461
49 0.09254807692307693 0.6189903846153846 0.05048076923076923 0.10817307692307693
15 0.20673076923076922 0.6117788461538461 0.04807692307692308 0.10817307692307693
153 0.20552884615384615 0.3858173076923077 0.04567307692307692 0.10817307692307693
149 0.359375 0.04927884615384615 0.036057692307692304 0.07932692307692307
12 0.4170673076923077 0.23918269230769232 0.04567307692307692 0.10336538461538461
68 0.5396634615384616 0.24158653846153846 0.04567307692307692 0.10336538461538461
149 0.3605769230769231 0.6274038461538461 0.03365384615384615 0.08173076923076923
12 0.6778846153846154 0.23677884615384615 0.04807692307692308 0.10336538461538461
12 0.4182692307692308 0.8221153846153846 0.04807692307692308 0.10576923076923077
12 0.6790865384615384 0.8209134615384616 0.04567307692307692 0.10336538461538461
68 0.5396634615384616 0.8173076923076923 0.05048076923076923 0.10576923076923077
68 0.8088942307692307 0.23798076923076922 0.04567307692307692 0.10096153846153846
68 0.8100961538461539 0.8185096153846154 0.04326923076923077 0.10336538461538461
153 0.9302884615384616 0.23798076923076922 0.04326923076923077 0.10096153846153846
153 0.9290865384615384 0.8197115384615384 0.04567307692307692 0.11057692307692307