200 0.0673076923076923 0.02283653846153846 0.0673076923076923 0.04567307692307692
119 0.23076923076923078 0.13221153846153846 0.09615384615384616 0.10576923076923077
12 0.3762019230769231 0.1346153846153846 0.08413461538461539 0.10576923076923077
118 0.5516826923076923 0.14423076923076922 0.0889423076923077 0.10576923076923077
44 0.11899038461538461 0.2776442307692308 0.08413461538461539 0.10336538461538461
49 0.23317307692307693 0.32091346153846156 0.08173076923076923 0.10336538461538461
153 0.3737980769230769 0.31971153846153844 0.0889423076923077 0.11538461538461539
153 0.5240384615384616 0.32091346153846156 0.08653846153846154 0.0985576923076923
145 0.6490384615384616 0.32211538461538464 0.07211538461538461 0.10096153846153846
68 0.7247596153846154 0.32091346153846156 0.07451923076923077 0.10817307692307693
157 0.8076923076923077 0.3233173076923077 0.07692307692307693 0.10336538461538461
185 0.9050480769230769 0.3762019230769231 0.07451923076923077 0.0889423076923077
152 0.11778846153846154 0.47836538461538464 0.09615384615384616 0.10096153846153846
34 0.11658653846153846 0.6610576923076923 0.0889423076923077 0.10576923076923077
153 0.484375 0.78125 0.07932692307692307 0.10576923076923077
145 0.6466346153846154 0.7800480769230769 0.07211538461538461 0.0985576923076923
68 0.7271634615384616 0.7800480769230769 0.07932692307692307 0.09375
50 0.9038461538461539 0.25240384615384615 0.07211538461538461 0.08653846153846154
150 0.9038461538461539 0.12860576923076922 0.07692307692307693 0.08413461538461539