188 0.07211538461538461 0.17668269230769232 0.052884615384615384 0.06009615384615385
142 0.36177884615384615 0.18028846153846154 0.021634615384615384 0.038461538461538464
142 0.44591346153846156 0.18389423076923078 0.021634615384615384 0.036057692307692304
79 0.6141826923076923 0.20673076923076922 0.03125 0.038461538461538464
66 0.5492788461538461 0.22956730769230768 0.021634615384615384 0.03125
49 0.25 0.23918269230769232 0.052884615384615384 0.055288461538461536
70 0.7163461538461539 0.25240384615384615 0.04326923076923077 0.0625
145 0.8353365384615384 0.25240384615384615 0.040865384615384616 0.0625
128 0.3942307692307692 0.2548076923076923 0.038461538461538464 0.0625
66 0.5877403846153846 0.28365384615384615 0.021634615384615384 0.02403846153846154
152 0.07211538461538461 0.39903846153846156 0.038461538461538464 0.0625
88 0.5841346153846154 0.39903846153846156 0.04807692307692308 0.04807692307692308
111 0.28846153846153844 0.40024038461538464 0.038461538461538464 0.055288461538461536
12 0.24158653846153846 0.4014423076923077 0.03125 0.04326923076923077
44 0.15865384615384615 0.4026442307692308 0.04326923076923077 0.06971153846153846
40 0.9483173076923077 0.41346153846153844 0.04567307692307692 0.0625
200 0.17067307692307693 0.04326923076923077 0.04326923076923077 0.04807692307692308
142 0.4411057692307692 0.48197115384615385 0.021634615384615384 0.03125
142 0.3605769230769231 0.484375 0.02403846153846154 0.036057692307692304
66 0.5492788461538461 0.4963942307692308 0.021634615384615384 0.026442307692307692
70 0.7163461538461539 0.515625 0.04326923076923077 0.06009615384615385
145 0.8413461538461539 0.5204326923076923 0.038461538461538464 0.055288461538461536
128 0.3954326923076923 0.5456730769230769 0.04567307692307692 0.0625
66 0.5901442307692307 0.5552884615384616 0.021634615384615384 0.02403846153846154
153 0.21153846153846154 0.5769230769230769 0.03365384615384615 0.04807692307692308
153 0.5817307692307693 0.0733173076923077 0.038461538461538464 0.055288461538461536
12 0.32091346153846156 0.7427884615384616 0.03125 0.057692307692307696
116 0.40384615384615385 0.7439903846153846 0.038461538461538464 0.06009615384615385
153 0.5096153846153846 0.7451923076923077 0.028846153846153848 0.052884615384615384
46 0.8149038461538461 0.7475961538461539 0.04326923076923077 0.052884615384615384
78 0.5841346153846154 0.75 0.038461538461538464 0.057692307692307696
45 0.6983173076923077 0.7512019230769231 0.04567307692307692 0.06009615384615385
48 0.6274038461538461 0.8305288461538461 0.04326923076923077 0.07451923076923077
118 0.4026442307692308 0.8810096153846154 0.036057692307692304 0.04567307692307692
188 0.8918269230769231 0.8846153846153846 0.052884615384615384 0.0625
10 0.4795673076923077 0.40384615384615385 0.03125 0.04807692307692308
54 0.6141826923076923 0.5649038461538461 0.026442307692307692 0.028846153846153848
54 0.5745192307692307 0.5048076923076923 0.02403846153846154 0.02403846153846154