116 0.6490384615384616 0.3293269230769231 0.08653846153846154 0.1201923076923077
158 0.9579326923076923 0.3389423076923077 0.07932692307692307 0.12980769230769232
152 0.22716346153846154 0.3389423076923077 0.06971153846153846 0.1201923076923077
70 0.5084134615384616 0.3401442307692308 0.07932692307692307 0.11778846153846154
74 0.3485576923076923 0.34134615384615385 0.07211538461538461 0.10576923076923077
153 0.046875 0.4338942307692308 0.07451923076923077 0.10336538461538461
153 0.8149038461538461 0.5817307692307693 0.0673076923076923 0.10576923076923077
70 0.5120192307692307 0.5829326923076923 0.07692307692307693 0.10817307692307693
153 0.5120192307692307 0.7704326923076923 0.07211538461538461 0.0985576923076923
148 0.9555288461538461 0.7872596153846154 0.08413461538461539 0.12259615384615384
68 0.08533653846153846 0.8569711538461539 0.07932692307692307 0.11778846153846154
12 0.30649038461538464 0.859375 0.07451923076923077 0.11778846153846154
118 0.19951923076923078 0.8629807692307693 0.07692307692307693 0.11538461538461539
147 0.8185096153846154 0.11057692307692307 0.07932692307692307 0.1346153846153846
70 0.8137019230769231 0.34375 0.08413461538461539 0.11538461538461539