200 0.08413461538461539 0.11538461538461539 0.02403846153846154 0.04807692307692308
73 0.5745192307692307 0.14423076923076922 0.04807692307692308 0.09134615384615384
152 0.9182692307692307 0.14543269230769232 0.052884615384615384 0.10336538461538461
34 0.9230769230769231 0.3088942307692308 0.04807692307692308 0.09375
142 0.8269230769230769 0.3112980769230769 0.02403846153846154 0.04567307692307692
142 0.15384615384615385 0.3125 0.02403846153846154 0.04326923076923077
10 0.48677884615384615 0.3545673076923077 0.040865384615384616 0.06009615384615385
128 0.18870192307692307 0.3918269230769231 0.040865384615384616 0.0673076923076923
128 0.7956730769230769 0.3942307692307692 0.038461538461538464 0.0625
188 0.49038461538461536 0.04807692307692308 0.15384615384615385 0.09615384615384616
140 0.15504807692307693 0.5492788461538461 0.021634615384615384 0.040865384615384616
140 0.8293269230769231 0.5504807692307693 0.02403846153846154 0.04326923076923077
70 0.6899038461538461 0.5685096153846154 0.02403846153846154 0.04567307692307692
70 0.2920673076923077 0.5709134615384616 0.026442307692307692 0.04567307692307692
82 0.9254807692307693 0.6370192307692307 0.052884615384615384 0.09615384615384616
54 0.6069711538461539 0.6382211538461539 0.04567307692307692 0.06490384615384616
54 0.36538461538461536 0.640625 0.04807692307692308 0.06490384615384616
145 0.20072115384615385 0.7920673076923077 0.05048076923076923 0.09375
145 0.7908653846153846 0.7992788461538461 0.04807692307692308 0.09375
54 0.36538461538461536 0.8233173076923077 0.04807692307692308 0.06490384615384616
54 0.6081730769230769 0.8245192307692307 0.04807692307692308 0.0625
156 0.9266826923076923 0.8413461538461539 0.05048076923076923 0.09615384615384616