200 0.27403846153846156 0.016826923076923076 0.019230769230769232 0.03365384615384615
200 0.042067307692307696 0.018028846153846152 0.021634615384615384 0.036057692307692304
164 0.7644230769230769 0.2644230769230769 0.04326923076923077 0.08173076923076923
165 0.3088942307692308 0.27524038461538464 0.026442307692307692 0.04567307692307692
152 0.41947115384615385 0.3425480769230769 0.040865384615384616 0.07451923076923077
152 0.3701923076923077 0.3449519230769231 0.03365384615384615 0.06971153846153846
152 0.3293269230769231 0.34615384615384615 0.038461538461538464 0.0673076923076923
55 0.12860576923076922 0.36778846153846156 0.055288461538461536 0.08653846153846154
184 0.6286057692307693 0.41586538461538464 0.03125 0.052884615384615384
152 0.578125 0.484375 0.036057692307692304 0.06490384615384616
200 0.6826923076923077 0.7271634615384616 0.019230769230769232 0.036057692307692304
200 0.009615384615384616 0.7295673076923077 0.019230769230769232 0.036057692307692304
200 0.30288461538461536 0.7295673076923077 0.019230769230769232 0.036057692307692304
165 0.6995192307692307 0.7836538461538461 0.02403846153846154 0.04326923076923077
165 0.027644230769230768 0.7860576923076923 0.026442307692307692 0.04807692307692308
165 0.32091346153846156 0.7860576923076923 0.026442307692307692 0.04326923076923077
152 0.7475961538461539 0.8497596153846154 0.038461538461538464 0.06490384615384616
152 0.41346153846153844 0.8521634615384616 0.038461538461538464 0.06490384615384616
152 0.8389423076923077 0.8509615384615384 0.038461538461538464 0.057692307692307696
152 0.48677884615384615 0.8533653846153846 0.040865384615384616 0.0625
152 0.36899038461538464 0.8533653846153846 0.03125 0.0673076923076923
70 0.9350961538461539 0.8617788461538461 0.028846153846153848 0.04567307692307692
70 0.21514423076923078 0.8617788461538461 0.026442307692307692 0.04567307692307692
152 0.04927884615384615 0.8629807692307693 0.03125 0.0625
70 0.5829326923076923 0.8641826923076923 0.026442307692307692 0.04567307692307692
41 0.3701923076923077 0.10697115384615384 0.04807692307692308 0.06490384615384616
41 0.14543269230769232 0.16346153846153846 0.05048076923076923 0.08653846153846154