74 0.71875 0.31490384615384615 0.0625 0.1201923076923077
74 0.265625 0.3161057692307692 0.06009615384615385 0.11298076923076923
23 0.26322115384615385 0.4362980769230769 0.026442307692307692 0.055288461538461536
23 0.7211538461538461 0.4375 0.028846153846153848 0.04807692307692308
70 0.17427884615384615 0.44471153846153844 0.04567307692307692 0.08173076923076923
70 0.6298076923076923 0.44711538461538464 0.038461538461538464 0.08173076923076923
70 0.35336538461538464 0.45072115384615385 0.04807692307692308 0.0889423076923077
70 0.8076923076923077 0.4543269230769231 0.04807692307692308 0.07692307692307693
200 0.036057692307692304 0.054086538461538464 0.028846153846153848 0.06009615384615385
23 0.2644230769230769 0.5877403846153846 0.028846153846153848 0.05048076923076923
23 0.7199519230769231 0.5877403846153846 0.026442307692307692 0.05048076923076923
70 0.35336538461538464 0.5997596153846154 0.04326923076923077 0.07932692307692307
70 0.8076923076923077 0.5997596153846154 0.04807692307692308 0.07932692307692307
70 0.6322115384615384 0.6009615384615384 0.04807692307692308 0.08653846153846154
70 0.171875 0.6009615384615384 0.040865384615384616 0.08173076923076923
153 0.7175480769230769 0.7319711538461539 0.04567307692307692 0.10817307692307693
152 0.48197115384615385 0.09495192307692307 0.06490384615384616 0.11298076923076923
149 0.04326923076923077 0.17427884615384615 0.03365384615384615 0.06971153846153846
149 0.49759615384615385 0.1778846153846154 0.028846153846153848 0.052884615384615384
145 0.6310096153846154 0.7439903846153846 0.04567307692307692 0.07932692307692307
145 0.3545673076923077 0.7427884615384616 0.04567307692307692 0.08173076923076923
145 0.17427884615384615 0.7463942307692307 0.04567307692307692 0.07932692307692307