70 0.2776442307692308 0.2091346153846154 0.12740384615384615 0.11538461538461539
152 0.7475961538461539 0.21875 0.09615384615384616 0.10096153846153846
110 0.9387019230769231 0.22235576923076922 0.0985576923076923 0.11778846153846154
155 0.265625 0.35216346153846156 0.06971153846153846 0.0889423076923077
155 0.1935096153846154 0.35336538461538464 0.06971153846153846 0.08173076923076923
155 0.3389423076923077 0.35336538461538464 0.07692307692307693 0.08653846153846154
74 0.6225961538461539 0.38341346153846156 0.08653846153846154 0.10817307692307693
44 0.7524038461538461 0.38461538461538464 0.1201923076923077 0.12980769230769232
22 0.49278846153846156 0.3858173076923077 0.12980769230769232 0.12259615384615384
155 0.33774038461538464 0.4375 0.06971153846153846 0.07692307692307693
155 0.19230769230769232 0.43990384615384615 0.07211538461538461 0.07692307692307693
155 0.2668269230769231 0.4411057692307692 0.07211538461538461 0.07932692307692307
155 0.19471153846153846 0.5228365384615384 0.07692307692307693 0.08413461538461539
155 0.2668269230769231 0.5240384615384616 0.08173076923076923 0.09134615384615384
77 0.8185096153846154 0.5588942307692307 0.0889423076923077 0.07451923076923077
153 0.7055288461538461 0.5600961538461539 0.07451923076923077 0.07211538461538461
200 0.9326923076923077 0.06850961538461539 0.11057692307692307 0.10817307692307693
118 0.4543269230769231 0.7283653846153846 0.07692307692307693 0.0673076923076923
121 0.7860576923076923 0.7319711538461539 0.07211538461538461 0.07932692307692307
176 0.5564903846153846 0.734375 0.07451923076923077 0.06971153846153846
80 0.32091346153846156 0.7355769230769231 0.09375 0.08173076923076923
38 0.1778846153846154 0.7367788461538461 0.10096153846153846 0.09375
201 0.6682692307692307 0.7403846153846154 0.08173076923076923 0.09134615384615384
110 0.4891826923076923 0.90625 0.0985576923076923 0.09134615384615384
12 0.7848557692307693 0.9110576923076923 0.09375 0.10096153846153846