118 0.29447115384615385 0.31850961538461536 0.07451923076923077 0.13701923076923078
12 0.18629807692307693 0.31850961538461536 0.07932692307692307 0.14182692307692307
70 0.8233173076923077 0.33052884615384615 0.06971153846153846 0.13701923076923078
70 0.4879807692307692 0.3329326923076923 0.07211538461538461 0.13701923076923078
22 0.6646634615384616 0.33413461538461536 0.06971153846153846 0.1346153846153846
197 0.054086538461538464 0.33533653846153844 0.06971153846153846 0.13221153846153846
149 0.16466346153846154 0.039663461538461536 0.036057692307692304 0.07451923076923077
70 0.8245192307692307 0.4651442307692308 0.0673076923076923 0.12259615384615384
70 0.8233173076923077 0.59375 0.06971153846153846 0.12980769230769232
145 0.48677884615384615 0.7055288461538461 0.06971153846153846 0.13221153846153846
153 0.21995192307692307 0.7247596153846154 0.04567307692307692 0.0985576923076923
152 0.47475961538461536 0.16947115384615385 0.040865384615384616 0.06971153846153846
188 0.051682692307692304 0.53125 0.06009615384615385 0.11538461538461539