188 0.042067307692307696 0.05889423076923077 0.07451923076923077 0.11298076923076923
157 0.3245192307692308 0.054086538461538464 0.0625 0.0889423076923077
43 0.5012019230769231 0.051682692307692304 0.07932692307692307 0.10336538461538461
40 0.6298076923076923 0.05048076923076923 0.07692307692307693 0.10096153846153846
174 0.7295673076923077 0.055288461538461536 0.08413461538461539 0.11057692307692307
48 0.234375 0.22235576923076922 0.07451923076923077 0.10336538461538461
188 0.04326923076923077 0.35697115384615385 0.08173076923076923 0.12259615384615384
46 0.30528846153846156 0.3605769230769231 0.07211538461538461 0.10096153846153846
45 0.4014423076923077 0.35697115384615385 0.07211538461538461 0.10336538461538461
45 0.4963942307692308 0.3605769230769231 0.06971153846153846 0.10096153846153846
45 0.5829326923076923 0.3605769230769231 0.07451923076923077 0.10096153846153846
45 0.6730769230769231 0.3581730769230769 0.07211538461538461 0.10576923076923077
45 0.7644230769230769 0.35697115384615385 0.07211538461538461 0.10336538461538461
73 0.9362980769230769 0.17067307692307693 0.07451923076923077 0.10576923076923077
73 0.9387019230769231 0.3605769230769231 0.07932692307692307 0.11057692307692307
78 0.9362980769230769 0.6358173076923077 0.07451923076923077 0.10817307692307693
163 0.9314903846153846 0.8725961538461539 0.06971153846153846 0.10096153846153846
118 0.6442307692307693 0.8701923076923077 0.07211538461538461 0.10576923076923077
153 0.28966346153846156 0.875 0.07932692307692307 0.11057692307692307
104 0.055288461538461536 0.7439903846153846 0.057692307692307696 0.05048076923076923
39 0.054086538461538464 0.8413461538461539 0.055288461538461536 0.07692307692307693
51 0.055288461538461536 0.9447115384615384 0.04807692307692308 0.0673076923076923