12 0.3545673076923077 0.23557692307692307 0.07451923076923077 0.18269230769230768
118 0.5276442307692307 0.23798076923076922 0.07932692307692307 0.1778846153846154
153 0.7007211538461539 0.23918269230769232 0.07932692307692307 0.18028846153846154
118 0.8846153846153846 0.35336538461538464 0.07692307692307693 0.1778846153846154
146 0.24879807692307693 0.5 0.03125 0.07211538461538461
197 0.06370192307692307 0.5084134615384616 0.055288461538461536 0.13221153846153846
15 0.18990384615384615 0.515625 0.07692307692307693 0.17548076923076922
78 0.8894230769230769 0.6057692307692307 0.07692307692307693 0.16346153846153846
118 0.5276442307692307 0.7620192307692307 0.07932692307692307 0.17307692307692307
68 0.6995192307692307 0.7632211538461539 0.08173076923076923 0.1658653846153846
12 0.35336538461538464 0.765625 0.07692307692307693 0.18028846153846154
200 0.1502403846153846 0.09134615384615384 0.040865384615384616 0.09134615384615384