116 0.3088942307692308 0.265625 0.055288461538461536 0.07451923076923077
68 0.6550480769230769 0.27403846153846156 0.06971153846153846 0.08653846153846154
118 0.5228365384615384 0.27403846153846156 0.06490384615384616 0.08653846153846154
118 0.5240384615384616 0.4519230769230769 0.0625 0.09134615384615384
105 0.31009615384615385 0.46153846153846156 0.07211538461538461 0.08173076923076923
157 0.9038461538461539 0.5697115384615384 0.0625 0.07692307692307693
118 0.7776442307692307 0.5697115384615384 0.06490384615384616 0.08173076923076923
118 0.3125 0.6262019230769231 0.07692307692307693 0.08413461538461539
118 0.5240384615384616 0.6418269230769231 0.0625 0.08653846153846154
68 0.6514423076923077 0.6466346153846154 0.0673076923076923 0.08173076923076923
68 0.6514423076923077 0.8581730769230769 0.07211538461538461 0.08653846153846154
118 0.5240384615384616 0.8629807692307693 0.0673076923076923 0.08653846153846154
68 0.90625 0.09014423076923077 0.0625 0.09375
118 0.7776442307692307 0.09254807692307693 0.06971153846153846 0.0889423076923077
116 0.6538461538461539 0.09495192307692307 0.057692307692307696 0.07451923076923077
116 0.5216346153846154 0.09735576923076923 0.0673076923076923 0.08413461538461539
153 0.3137019230769231 0.10096153846153846 0.06971153846153846 0.07692307692307693