69 0.12980769230769232 0.33774038461538464 0.038461538461538464 0.08413461538461539
153 0.3293269230769231 0.33774038461538464 0.057692307692307696 0.12259615384615384
153 0.22716346153846154 0.3389423076923077 0.03125 0.08653846153846154
153 0.6682692307692307 0.3401442307692308 0.057692307692307696 0.11778846153846154
69 0.9038461538461539 0.34134615384615385 0.038461538461538464 0.08653846153846154
69 0.4795673076923077 0.34375 0.036057692307692304 0.08653846153846154
70 0.12860576923076922 0.5204326923076923 0.04567307692307692 0.0889423076923077
70 0.9002403846153846 0.5216346153846154 0.036057692307692304 0.08173076923076923
71 0.7824519230769231 0.5228365384615384 0.04567307692307692 0.08413461538461539
71 0.22956730769230768 0.5240384615384616 0.04567307692307692 0.08653846153846154
28 0.6682692307692307 0.5240384615384616 0.057692307692307696 0.11538461538461539
28 0.33052884615384615 0.5252403846153846 0.06490384615384616 0.11778846153846154
70 0.47836538461538464 0.5264423076923077 0.04326923076923077 0.09134615384615384
145 0.47836538461538464 0.6995192307692307 0.04326923076923077 0.09615384615384616
145 0.12740384615384615 0.703125 0.04807692307692308 0.09375
153 0.2283653846153846 0.7055288461538461 0.03365384615384615 0.0889423076923077
153 0.33052884615384615 0.7067307692307693 0.055288461538461536 0.11538461538461539
145 0.9014423076923077 0.7079326923076923 0.04807692307692308 0.09375
153 0.6682692307692307 0.7067307692307693 0.0625 0.1201923076923077
200 0.042067307692307696 0.078125 0.026442307692307692 0.055288461538461536
149 0.04927884615384615 0.140625 0.026442307692307692 0.055288461538461536
149 0.5685096153846154 0.14182692307692307 0.026442307692307692 0.052884615384615384