116 0.3954326923076923 0.27283653846153844 0.07451923076923077 0.13701923076923078
20 0.9459134615384616 0.2764423076923077 0.07932692307692307 0.12980769230769232
116 0.5673076923076923 0.38100961538461536 0.07211538461538461 0.13701923076923078
153 0.7548076923076923 0.38221153846153844 0.038461538461538464 0.07692307692307693
12 0.0673076923076923 0.5144230769230769 0.07692307692307693 0.12980769230769232
118 0.2764423076923077 0.515625 0.04326923076923077 0.07932692307692307
118 0.7884615384615384 0.5600961538461539 0.04326923076923077 0.08173076923076923
68 0.453125 0.7752403846153846 0.07932692307692307 0.13221153846153846
16 0.9242788461538461 0.8557692307692307 0.07451923076923077 0.1346153846153846
188 0.8185096153846154 0.8641826923076923 0.04567307692307692 0.09375
118 0.7391826923076923 0.8737980769230769 0.055288461538461536 0.0985576923076923
116 0.5685096153846154 0.16826923076923078 0.07451923076923077 0.1346153846153846
153 0.7536057692307693 0.17067307692307693 0.040865384615384616 0.07211538461538461