188 0.9591346153846154 0.23798076923076922 0.08173076923076923 0.13942307692307693
118 0.20072115384615385 0.2824519230769231 0.0985576923076923 0.15144230769230768
12 0.34975961538461536 0.28125 0.10336538461538461 0.18269230769230768
145 0.057692307692307696 0.2848557692307692 0.10096153846153846 0.1658653846153846
44 0.7163461538461539 0.3473557692307692 0.08173076923076923 0.12259615384615384
41 0.234375 0.6454326923076923 0.07932692307692307 0.11298076923076923
103 0.33413461538461536 0.6478365384615384 0.052884615384615384 0.13701923076923078
157 0.6778846153846154 0.6478365384615384 0.07692307692307693 0.12259615384615384
158 0.7848557692307693 0.6502403846153846 0.08413461538461539 0.11778846153846154
152 0.5564903846153846 0.6514423076923077 0.08413461538461539 0.125
153 0.43509615384615385 0.6502403846153846 0.09134615384615384 0.13701923076923078
97 0.08413461538461539 0.8293269230769231 0.08173076923076923 0.1201923076923077
48 0.20793269230769232 0.8305288461538461 0.09375 0.11778846153846154
40 0.31971153846153844 0.8353365384615384 0.08173076923076923 0.11778846153846154
49 0.5132211538461539 0.171875 0.09375 0.13701923076923078