149 0.5769230769230769 0.18509615384615385 0.02403846153846154 0.04326923076923077
149 0.0625 0.18389423076923078 0.028846153846153848 0.040865384615384616
152 0.23197115384615385 0.2860576923076923 0.055288461538461536 0.07692307692307693
152 0.7463942307692307 0.2860576923076923 0.05048076923076923 0.07692307692307693
142 0.12379807692307693 0.37259615384615385 0.026442307692307692 0.038461538461538464
142 0.6370192307692307 0.375 0.02403846153846154 0.04326923076923077
74 0.7451923076923077 0.4326923076923077 0.038461538461538464 0.0625
74 0.23317307692307693 0.4338942307692308 0.038461538461538464 0.06490384615384616
140 0.6358173076923077 0.5637019230769231 0.026442307692307692 0.040865384615384616
140 0.12259615384615384 0.5649038461538461 0.028846153846153848 0.04326923076923077
73 0.13701923076923078 0.6129807692307693 0.028846153846153848 0.038461538461538464
73 0.6502403846153846 0.6153846153846154 0.026442307692307692 0.04326923076923077
188 0.23557692307692307 0.06490384615384616 0.0625 0.10096153846153846
188 0.7451923076923077 0.06370192307692307 0.0625 0.0985576923076923
70 0.1875 0.7247596153846154 0.04326923076923077 0.06009615384615385
70 0.7752403846153846 0.7259615384615384 0.040865384615384616 0.052884615384615384
70 0.7019230769230769 0.7259615384615384 0.038461538461538464 0.057692307692307696
70 0.2644230769230769 0.7271634615384616 0.03365384615384615 0.06009615384615385
148 0.16346153846153846 0.8918269230769231 0.04807692307692308 0.08173076923076923
116 0.3016826923076923 0.8930288461538461 0.05048076923076923 0.07451923076923077
145 0.36899038461538464 0.8918269230769231 0.05048076923076923 0.08173076923076923
148 0.6790865384615384 0.8918269230769231 0.05048076923076923 0.08173076923076923
145 0.8834134615384616 0.8930288461538461 0.05048076923076923 0.07932692307692307
153 0.09495192307692307 0.8930288461538461 0.05048076923076923 0.07451923076923077
99 0.234375 0.8930288461538461 0.055288461538461536 0.08413461538461539
153 0.6117788461538461 0.8942307692307693 0.05048076923076923 0.08173076923076923
99 0.7475961538461539 0.8942307692307693 0.04807692307692308 0.08173076923076923
116 0.8149038461538461 0.8942307692307693 0.04807692307692308 0.08173076923076923
200 0.03125 0.1466346153846154 0.028846153846153848 0.04326923076923077