22 0.5564903846153846 0.3329326923076923 0.07932692307692307 0.0985576923076923
79 0.203125 0.390625 0.0889423076923077 0.10817307692307693
200 0.16947115384615385 0.04567307692307692 0.0889423076923077 0.07692307692307693
103 0.5072115384615384 0.5060096153846154 0.0625 0.12259615384615384
70 0.6586538461538461 0.515625 0.08173076923076923 0.10336538461538461
188 0.06370192307692307 0.8305288461538461 0.08413461538461539 0.09375
74 0.6574519230769231 0.8317307692307693 0.06971153846153846 0.09615384615384616
152 0.20192307692307693 0.8521634615384616 0.08173076923076923 0.10336538461538461
188 0.06971153846153846 0.39903846153846156 0.07211538461538461 0.11057692307692307
142 0.41947115384615385 0.24639423076923078 0.055288461538461536 0.07932692307692307
142 0.7283653846153846 0.27283653846153844 0.04807692307692308 0.07451923076923077
110 0.2776442307692308 0.5997596153846154 0.07451923076923077 0.09375