200 0.11778846153846154 0.10697115384615384 0.0673076923076923 0.0889423076923077
110 0.4387019230769231 0.09735576923076923 0.06490384615384616 0.10336538461538461
128 0.7271634615384616 0.3701923076923077 0.055288461538461536 0.09134615384615384
110 0.9098557692307693 0.3088942307692308 0.06490384615384616 0.07932692307692307
197 0.9122596153846154 0.46875 0.06971153846153846 0.10096153846153846
128 0.17067307692307693 0.37259615384615385 0.0673076923076923 0.10096153846153846
74 0.4387019230769231 0.3076923076923077 0.06971153846153846 0.10096153846153846
70 0.6334134615384616 0.6442307692307693 0.06490384615384616 0.09134615384615384
70 0.24519230769230768 0.6502403846153846 0.0625 0.08413461538461539
142 0.12740384615384615 0.2764423076923077 0.038461538461538464 0.0673076923076923
142 0.12620192307692307 0.5324519230769231 0.036057692307692304 0.06009615384615385
142 0.48677884615384615 0.26802884615384615 0.036057692307692304 0.06490384615384616
142 0.48677884615384615 0.5276442307692307 0.03125 0.055288461538461536