118 0.9182692307692307 0.31009615384615385 0.0673076923076923 0.14423076923076922
200 0.15384615384615385 0.03245192307692308 0.052884615384615384 0.06490384615384616
153 0.8028846153846154 0.31490384615384615 0.0673076923076923 0.14903846153846154
118 0.5673076923076923 0.3317307692307692 0.07211538461538461 0.14423076923076922
12 0.3918269230769231 0.3425480769230769 0.08173076923076923 0.17067307692307693
153 0.22235576923076922 0.35216346153846156 0.06971153846153846 0.14182692307692307
49 0.22355769230769232 0.7752403846153846 0.08173076923076923 0.17067307692307693
176 0.5024038461538461 0.7752403846153846 0.0673076923076923 0.1466346153846154
118 0.34615384615384615 0.7776442307692307 0.0673076923076923 0.15144230769230768
118 0.8028846153846154 0.7848557692307693 0.0673076923076923 0.15144230769230768
12 0.6382211538461539 0.7884615384615384 0.08413461538461539 0.18269230769230768
153 0.9206730769230769 0.7872596153846154 0.0673076923076923 0.14182692307692307