200 0.2283653846153846 0.19110576923076922 0.03365384615384615 0.040865384615384616
68 0.46033653846153844 0.3233173076923077 0.07451923076923077 0.0889423076923077
49 0.31971153846153844 0.34615384615384615 0.07211538461538461 0.09134615384615384
153 0.7860576923076923 0.39663461538461536 0.07692307692307693 0.09134615384615384
97 0.7584134615384616 0.052884615384615384 0.07932692307692307 0.09615384615384616
19 0.31850961538461536 0.5372596153846154 0.07451923076923077 0.0889423076923077
118 0.6418269230769231 0.5372596153846154 0.07211538461538461 0.0889423076923077
21 0.7896634615384616 0.6754807692307693 0.07451923076923077 0.09134615384615384
153 0.45552884615384615 0.7019230769230769 0.07451923076923077 0.09134615384615384
44 0.31850961538461536 0.703125 0.07932692307692307 0.0889423076923077
48 0.9302884615384616 0.8221153846153846 0.07211538461538461 0.09134615384615384
199 0.7391826923076923 0.8834134615384616 0.07451923076923077 0.09375
40 0.6526442307692307 0.8834134615384616 0.07451923076923077 0.0889423076923077
39 0.8221153846153846 0.8858173076923077 0.07211538461538461 0.0889423076923077