200 0.15264423076923078 0.07451923076923077 0.03125 0.038461538461538464
188 0.057692307692307696 0.2283653846153846 0.04326923076923077 0.057692307692307696
152 0.06129807692307692 0.45552884615384615 0.055288461538461536 0.07451923076923077
111 0.22115384615384615 0.45072115384615385 0.04807692307692308 0.06490384615384616
128 0.34134615384615385 0.27163461538461536 0.038461538461538464 0.052884615384615384
142 0.28966346153846156 0.17668269230769232 0.026442307692307692 0.036057692307692304
142 0.28725961538461536 0.53125 0.026442307692307692 0.03365384615384615
188 0.05889423076923077 0.6262019230769231 0.040865384615384616 0.06490384615384616
128 0.3401442307692308 0.6165865384615384 0.036057692307692304 0.055288461538461536
70 0.4639423076923077 0.2932692307692308 0.0625 0.08653846153846154
70 0.4639423076923077 0.6009615384615384 0.0625 0.08173076923076923
70 0.65625 0.29927884615384615 0.0625 0.08413461538461539
70 0.65625 0.5997596153846154 0.0625 0.08413461538461539
140 0.5757211538461539 0.515625 0.026442307692307692 0.036057692307692304
140 0.5769230769230769 0.16346153846153846 0.028846153846153848 0.038461538461538464
23 0.4230769230769231 0.21033653846153846 0.02403846153846154 0.03125
74 0.5649038461538461 0.4495192307692308 0.04326923076923077 0.052884615384615384
71 0.671875 0.4483173076923077 0.040865384615384616 0.055288461538461536
21 0.7956730769230769 0.2247596153846154 0.04326923076923077 0.055288461538461536
77 0.7956730769230769 0.31971153846153844 0.04807692307692308 0.052884615384615384
77 0.796875 0.5600961538461539 0.04567307692307692 0.052884615384615384
21 0.7956730769230769 0.65625 0.04326923076923077 0.057692307692307696
23 0.609375 0.21153846153846154 0.026442307692307692 0.03365384615384615