139 0.06610576923076923 0.8425480769230769 0.055288461538461536 0.06009615384615385
40 0.3233173076923077 0.9423076923076923 0.040865384615384616 0.04807692307692308
69 0.5961538461538461 0.9459134615384616 0.03365384615384615 0.040865384615384616
78 0.8004807692307693 0.11298076923076923 0.057692307692307696 0.0625
142 0.6850961538461539 0.234375 0.019230769230769232 0.026442307692307692
140 0.28846153846153844 0.23677884615384615 0.019230769230769232 0.026442307692307692
96 0.9074519230769231 0.026442307692307692 0.040865384615384616 0.04326923076923077
73 0.6658653846153846 0.29447115384615385 0.0673076923076923 0.08413461538461539
153 0.20552884615384615 0.34375 0.06009615384615385 0.08173076923076923
183 0.09495192307692307 0.3449519230769231 0.06009615384615385 0.06971153846153846
70 0.8016826923076923 0.35216346153846156 0.06971153846153846 0.0889423076923077
117 0.5564903846153846 0.42788461538461536 0.036057692307692304 0.038461538461538464
74 0.7463942307692307 0.453125 0.055288461538461536 0.06490384615384616
74 0.7487980769230769 0.45552884615384615 0.05048076923076923 0.06009615384615385
66 0.4326923076923077 0.4651442307692308 0.03365384615384615 0.03125
12 0.06490384615384616 0.46875 0.0625 0.07692307692307693
118 0.3449519230769231 0.5060096153846154 0.04567307692307692 0.05048076923076923
66 0.5240384615384616 0.5300480769230769 0.03365384615384615 0.021634615384615384
93 0.4891826923076923 0.5336538461538461 0.040865384615384616 0.03365384615384615
72 0.27403846153846156 0.5480769230769231 0.04326923076923077 0.04807692307692308
12 0.17427884615384615 0.5492788461538461 0.05048076923076923 0.06971153846153846
66 0.49399038461538464 0.6033653846153846 0.036057692307692304 0.02403846153846154
66 0.42788461538461536 0.6045673076923077 0.03365384615384615 0.026442307692307692
93 0.5276442307692307 0.609375 0.021634615384615384 0.04567307692307692
116 0.12379807692307693 0.7055288461538461 0.040865384615384616 0.055288461538461536
66 0.43509615384615385 0.7235576923076923 0.03365384615384615 0.02403846153846154
66 0.5997596153846154 0.8209134615384616 0.026442307692307692 0.016826923076923076
178 0.02283653846153846 0.0829326923076923 0.04567307692307692 0.06009615384615385
66 0.5192307692307693 0.8269230769230769 0.03365384615384615 0.02403846153846154
74 0.3293269230769231 0.8293269230769231 0.04326923076923077 0.04807692307692308
93 0.4807692307692308 0.8305288461538461 0.038461538461538464 0.03125
126 0.5600961538461539 0.8329326923076923 0.014423076923076924 0.03125