142 0.6045673076923077 0.19110576923076922 0.036057692307692304 0.04567307692307692
142 0.12740384615384615 0.19110576923076922 0.038461538461538464 0.05048076923076923
200 0.018028846153846152 0.021634615384615384 0.036057692307692304 0.04326923076923077
128 0.18509615384615385 0.29927884615384615 0.0673076923076923 0.0889423076923077
128 0.828125 0.3004807692307692 0.06490384615384616 0.08173076923076923
22 0.4855769230769231 0.3161057692307692 0.03365384615384615 0.055288461538461536
140 0.6045673076923077 0.4855769230769231 0.036057692307692304 0.04807692307692308
140 0.12860576923076922 0.4879807692307692 0.036057692307692304 0.04807692307692308
13 0.5108173076923077 0.5901442307692307 0.06971153846153846 0.09375
140 0.12620192307692307 0.7103365384615384 0.036057692307692304 0.04567307692307692
140 0.6033653846153846 0.7127403846153846 0.038461538461538464 0.04567307692307692
25 0.1045673076923077 0.07572115384615384 0.036057692307692304 0.05048076923076923
25 0.5829326923076923 0.07692307692307693 0.040865384615384616 0.04807692307692308
190 0.27163461538461536 0.7908653846153846 0.09134615384615384 0.10096153846153846
36 0.7475961538461539 0.5625 0.07692307692307693 0.0673076923076923
36 0.27283653846153844 0.5588942307692307 0.0889423076923077 0.06971153846153846