200 0.13822115384615385 0.16466346153846154 0.04567307692307692 0.055288461538461536
128 0.18870192307692307 0.3076923076923077 0.05048076923076923 0.08653846153846154
142 0.1778846153846154 0.2403846153846154 0.028846153846153848 0.052884615384615384
142 0.4567307692307692 0.24278846153846154 0.02403846153846154 0.052884615384615384
142 0.4543269230769231 0.4795673076923077 0.02403846153846154 0.05048076923076923
142 0.1778846153846154 0.4807692307692308 0.03365384615384615 0.057692307692307696
110 0.390625 0.21514423076923078 0.040865384615384616 0.07451923076923077
22 0.3918269230769231 0.30649038461538464 0.04807692307692308 0.06009615384615385
22 0.390625 0.5745192307692307 0.04567307692307692 0.0673076923076923
128 0.390625 0.46153846153846156 0.04567307692307692 0.08173076923076923
70 0.4723557692307692 0.3293269230769231 0.06009615384615385 0.10096153846153846
70 0.28125 0.3016826923076923 0.057692307692307696 0.09375
128 0.5901442307692307 0.3088942307692308 0.05048076923076923 0.08413461538461539
153 0.7259615384615384 0.5564903846153846 0.04807692307692308 0.0985576923076923
118 0.8052884615384616 0.5600961538461539 0.052884615384615384 0.09134615384615384
80 0.9002403846153846 0.5600961538461539 0.05048076923076923 0.09615384615384616
116 0.8978365384615384 0.36177884615384615 0.055288461538461536 0.0985576923076923
39 0.8966346153846154 0.7944711538461539 0.052884615384615384 0.0985576923076923
145 0.5372596153846154 0.7151442307692307 0.036057692307692304 0.06971153846153846
145 0.17548076923076922 0.7163461538461539 0.038461538461538464 0.0625
60 0.2403846153846154 0.7175480769230769 0.04326923076923077 0.07451923076923077
148 0.3088942307692308 0.7163461538461539 0.040865384615384616 0.07692307692307693