125 0.0889423076923077 0.1875 0.08173076923076923 0.13942307692307693
49 0.390625 0.203125 0.055288461538461536 0.08413461538461539
152 0.2283653846153846 0.2956730769230769 0.04807692307692308 0.07211538461538461
198 0.09134615384615384 0.2980769230769231 0.07692307692307693 0.08173076923076923
199 0.7584134615384616 0.29927884615384615 0.04567307692307692 0.06971153846153846
136 0.5973557692307693 0.30528846153846156 0.055288461538461536 0.08173076923076923
12 0.40024038461538464 0.38221153846153844 0.036057692307692304 0.052884615384615384
125 0.09134615384615384 0.39302884615384615 0.052884615384615384 0.10336538461538461
118 0.5817307692307693 0.46033653846153844 0.0625 0.09375
118 0.49399038461538464 0.4639423076923077 0.06009615384615385 0.09134615384615384
153 0.2932692307692308 0.4639423076923077 0.038461538461538464 0.057692307692307696
118 0.7115384615384616 0.4651442307692308 0.052884615384615384 0.0889423076923077
12 0.40024038461538464 0.46634615384615385 0.036057692307692304 0.052884615384615384
12 0.40024038461538464 0.5492788461538461 0.040865384615384616 0.055288461538461536
152 0.2247596153846154 0.5564903846153846 0.04567307692307692 0.06971153846153846
145 0.5901442307692307 0.6310096153846154 0.036057692307692304 0.055288461538461536
145 0.640625 0.6310096153846154 0.040865384615384616 0.055288461538461536
68 0.7079326923076923 0.6322115384615384 0.036057692307692304 0.057692307692307696
40 0.7884615384615384 0.0733173076923077 0.057692307692307696 0.08413461538461539
48 0.3485576923076923 0.8509615384615384 0.0625 0.09615384615384616
45 0.4579326923076923 0.8497596153846154 0.06490384615384616 0.09375
153 0.6081730769230769 0.09375 0.04326923076923077 0.07692307692307693
153 0.6826923076923077 0.09254807692307693 0.03365384615384615 0.06490384615384616
153 0.5168269230769231 0.09495192307692307 0.04807692307692308 0.07451923076923077
160 0.7776442307692307 0.16947115384615385 0.04567307692307692 0.06490384615384616
41 0.7704326923076923 0.8209134615384616 0.06009615384615385 0.0889423076923077