118 0.49759615384615385 0.19110576923076922 0.04326923076923077 0.0985576923076923
12 0.4050480769230769 0.19230769230769232 0.04567307692307692 0.10576923076923077
176 0.5865384615384616 0.19471153846153846 0.04807692307692308 0.1201923076923077
188 0.04807692307692308 0.19951923076923078 0.052884615384615384 0.11538461538461539
12 0.22115384615384615 0.21875 0.07692307692307693 0.15865384615384615
12 0.4074519230769231 0.4807692307692308 0.04567307692307692 0.10576923076923077
118 0.4987980769230769 0.4807692307692308 0.040865384615384616 0.09615384615384616
176 0.5865384615384616 0.4831730769230769 0.04807692307692308 0.11538461538461539
200 0.15745192307692307 0.06610576923076923 0.040865384615384616 0.09375
12 0.4050480769230769 0.7776442307692307 0.04567307692307692 0.10817307692307693
118 0.4951923076923077 0.7788461538461539 0.04326923076923077 0.10096153846153846
176 0.5853365384615384 0.7836538461538461 0.04567307692307692 0.10576923076923077
170 0.10336538461538461 0.828125 0.04326923076923077 0.10336538461538461
41 0.04447115384615385 0.8569711538461539 0.06971153846153846 0.1658653846153846
40 0.1658653846153846 0.9254807692307693 0.04807692307692308 0.10096153846153846