200 0.1778846153846154 0.014423076923076924 0.028846153846153848 0.028846153846153848
12 0.23677884615384615 0.29447115384615385 0.08413461538461539 0.09375
50 0.9254807692307693 0.3245192307692308 0.0625 0.0673076923076923
118 0.5300480769230769 0.328125 0.05048076923076923 0.06490384615384616
68 0.34615384615384615 0.5516826923076923 0.08173076923076923 0.10336538461538461
185 0.9254807692307693 0.5540865384615384 0.0625 0.07451923076923077
118 0.5276442307692307 0.5552884615384616 0.055288461538461536 0.07211538461538461
137 0.9242788461538461 0.7115384615384616 0.06009615384615385 0.0673076923076923
118 0.5348557692307693 0.7139423076923077 0.06009615384615385 0.07692307692307693
188 0.037259615384615384 0.7908653846153846 0.07451923076923077 0.08653846153846154
118 0.43990384615384615 0.08774038461538461 0.07211538461538461 0.08413461538461539
158 0.23317307692307693 0.09014423076923077 0.08173076923076923 0.0889423076923077
157 0.7331730769230769 0.8834134615384616 0.057692307692307696 0.06971153846153846
188 0.042067307692307696 0.2980769230769231 0.06971153846153846 0.08653846153846154