76 0.15504807692307693 0.15504807692307693 0.06009615384615385 0.07932692307692307
76 0.2956730769230769 0.15745192307692307 0.057692307692307696 0.07932692307692307
76 0.4375 0.15625 0.057692307692307696 0.07692307692307693
110 0.8581730769230769 0.21995192307692307 0.07211538461538461 0.06971153846153846
153 0.15384615384615385 0.25600961538461536 0.04807692307692308 0.06971153846153846
44 0.2956730769230769 0.25721153846153844 0.057692307692307696 0.08173076923076923
74 0.28966346153846156 0.40024038461538464 0.055288461538461536 0.07451923076923077
164 0.9074519230769231 0.453125 0.05048076923076923 0.09375
164 0.7788461538461539 0.4579326923076923 0.04807692307692308 0.0889423076923077
164 0.84375 0.4579326923076923 0.04807692307692308 0.0889423076923077
70 0.4651442307692308 0.5240384615384616 0.055288461538461536 0.08173076923076923
70 0.1201923076923077 0.5252403846153846 0.057692307692307696 0.07932692307692307
70 0.20432692307692307 0.5252403846153846 0.057692307692307696 0.07932692307692307
70 0.3798076923076923 0.5252403846153846 0.057692307692307696 0.07932692307692307
164 0.7788461538461539 0.5793269230769231 0.052884615384615384 0.08173076923076923
164 0.9074519230769231 0.5817307692307693 0.055288461538461536 0.09134615384615384
164 0.84375 0.5817307692307693 0.052884615384615384 0.08653846153846154
192 0.7007211538461539 0.6370192307692307 0.06009615384615385 0.08173076923076923
192 0.546875 0.6370192307692307 0.055288461538461536 0.07211538461538461
153 0.2956730769230769 0.6983173076923077 0.04807692307692308 0.07451923076923077
70 0.16466346153846154 0.6983173076923077 0.06009615384615385 0.07451923076923077
70 0.4254807692307692 0.7007211538461539 0.0625 0.07932692307692307
188 0.5709134615384616 0.07451923076923077 0.06490384615384616 0.08653846153846154
145 0.42427884615384615 0.8305288461538461 0.05048076923076923 0.07451923076923077
145 0.16706730769230768 0.8329326923076923 0.04567307692307692 0.06971153846153846
145 0.9098557692307693 0.8341346153846154 0.05048076923076923 0.07692307692307693
145 0.84375 0.8341346153846154 0.057692307692307696 0.07692307692307693
145 0.7776442307692307 0.8365384615384616 0.05048076923076923 0.08173076923076923
64 0.6286057692307693 0.8497596153846154 0.06490384615384616 0.0985576923076923
200 0.05048076923076923 0.3605769230769231 0.052884615384615384 0.04807692307692308