195 0.4411057692307692 0.17067307692307693 0.06971153846153846 0.09615384615384616
152 0.32091346153846156 0.171875 0.06971153846153846 0.0889423076923077
142 0.1201923076923077 0.3004807692307692 0.038461538461538464 0.052884615384615384
10 0.3137019230769231 0.375 0.06009615384615385 0.08173076923076923
188 0.3233173076923077 0.04326923076923077 0.08413461538461539 0.08653846153846154
140 0.12139423076923077 0.4879807692307692 0.040865384615384616 0.0625
118 0.5673076923076923 0.5348557692307693 0.0625 0.08413461538461539
88 0.17548076923076922 0.5540865384615384 0.04326923076923077 0.06009615384615385
70 0.4050480769230769 0.5985576923076923 0.055288461538461536 0.09134615384615384
70 0.3233173076923077 0.6021634615384616 0.06009615384615385 0.0889423076923077
70 0.23918269230769232 0.6021634615384616 0.06009615384615385 0.09375
164 0.9110576923076923 0.6045673076923077 0.0673076923076923 0.10336538461538461
118 0.5733173076923077 0.6394230769230769 0.06009615384615385 0.08653846153846154
64 0.7283653846153846 0.6730769230769231 0.07211538461538461 0.09615384615384616
19 0.515625 0.7860576923076923 0.06971153846153846 0.09615384615384616
78 0.2247596153846154 0.7872596153846154 0.06971153846153846 0.09375
68 0.33413461538461536 0.7872596153846154 0.0673076923076923 0.09375
199 0.11778846153846154 0.9134615384615384 0.07692307692307693 0.09615384615384616
40 0.2704326923076923 0.9146634615384616 0.06971153846153846 0.09375
103 0.5853365384615384 0.9146634615384616 0.06971153846153846 0.0889423076923077
41 0.421875 0.9146634615384616 0.07451923076923077 0.09375
200 0.02403846153846154 0.14182692307692307 0.04807692307692308 0.08653846153846154