188 0.06490384615384616 0.18509615384615385 0.07692307692307693 0.1346153846153846
110 0.10336538461538461 0.3485576923076923 0.09134615384615384 0.10096153846153846
74 0.21153846153846154 0.35096153846153844 0.052884615384615384 0.09134615384615384
152 0.21033653846153846 0.2283653846153846 0.06971153846153846 0.13942307692307693
200 0.21033653846153846 0.056490384615384616 0.07932692307692307 0.09375
70 0.41225961538461536 0.23197115384615385 0.06971153846153846 0.12740384615384615
145 0.6814903846153846 0.17067307692307693 0.05048076923076923 0.10096153846153846
153 0.6790865384615384 0.4579326923076923 0.06971153846153846 0.12259615384615384
40 0.38100961538461536 0.5721153846153846 0.07451923076923077 0.13942307692307693
156 0.3798076923076923 0.7824519230769231 0.07692307692307693 0.10336538461538461
158 0.46274038461538464 0.78125 0.06490384615384616 0.1346153846153846
74 0.6117788461538461 0.7668269230769231 0.05048076923076923 0.09134615384615384
162 0.8533653846153846 0.47716346153846156 0.0673076923076923 0.13221153846153846
70 0.8533653846153846 0.7764423076923077 0.07692307692307693 0.1346153846153846
70 0.6814903846153846 0.7788461538461539 0.06971153846153846 0.125