149 0.10216346153846154 0.056490384615384616 0.03125 0.06490384615384616
188 0.02403846153846154 0.5012019230769231 0.04326923076923077 0.0889423076923077
111 0.13341346153846154 0.5012019230769231 0.04567307692307692 0.0889423076923077
142 0.2668269230769231 0.18269230769230768 0.028846153846153848 0.052884615384615384
74 0.2091346153846154 0.4963942307692308 0.04807692307692308 0.0985576923076923
79 0.2980769230769231 0.24639423076923078 0.03365384615384615 0.06971153846153846
142 0.2668269230769231 0.6237980769230769 0.028846153846153848 0.05048076923076923
140 0.47596153846153844 0.18990384615384615 0.03365384615384615 0.0673076923076923
140 0.47475961538461536 0.6298076923076923 0.03125 0.0625
145 0.5384615384615384 0.7103365384615384 0.04326923076923077 0.0889423076923077
145 0.5384615384615384 0.28365384615384615 0.04326923076923077 0.08653846153846154
174 0.6742788461538461 0.16947115384615385 0.04567307692307692 0.0889423076923077
48 0.7512019230769231 0.31490384615384615 0.05048076923076923 0.10096153846153846
45 0.6814903846153846 0.5216346153846154 0.05048076923076923 0.10096153846153846
46 0.8269230769230769 0.5228365384615384 0.052884615384615384 0.10336538461538461
39 0.828125 0.7007211538461539 0.05048076923076923 0.10336538461538461
78 0.6814903846153846 0.7043269230769231 0.05048076923076923 0.09615384615384616
178 0.9375 0.10336538461538461 0.07211538461538461 0.13942307692307693
188 0.828125 0.8870192307692307 0.04567307692307692 0.08653846153846154