176 0.6694711538461539 0.23798076923076922 0.040865384615384616 0.08173076923076923
179 0.109375 0.23798076923076922 0.036057692307692304 0.08653846153846154
200 0.3317307692307692 0.03125 0.03365384615384615 0.052884615384615384
118 0.5384615384615384 0.3161057692307692 0.038461538461538464 0.07451923076923077
12 0.4182692307692308 0.3173076923076923 0.038461538461538464 0.07211538461538461
118 0.5372596153846154 0.45552884615384615 0.036057692307692304 0.06971153846153846
12 0.41947115384615385 0.4567307692307692 0.036057692307692304 0.07211538461538461
118 0.8016826923076923 0.5348557692307693 0.040865384615384616 0.07451923076923077
180 0.9110576923076923 0.5348557692307693 0.0625 0.10817307692307693
153 0.671875 0.5372596153846154 0.04567307692307692 0.07932692307692307
12 0.4206730769230769 0.6538461538461539 0.038461538461538464 0.07211538461538461
118 0.5372596153846154 0.6574519230769231 0.04567307692307692 0.07451923076923077
176 0.671875 0.7355769230769231 0.040865384615384616 0.08173076923076923
118 0.5384615384615384 0.8028846153846154 0.038461538461538464 0.07692307692307693
12 0.4206730769230769 0.8016826923076923 0.038461538461538464 0.06971153846153846
179 0.8533653846153846 0.11538461538461539 0.04326923076923077 0.09134615384615384
12 0.4182692307692308 0.15504807692307693 0.038461538461538464 0.07451923076923077
118 0.5372596153846154 0.15625 0.040865384615384616 0.07692307692307693