41 0.9194711538461539 0.14423076923076922 0.06490384615384616 0.07692307692307693
118 0.5168269230769231 0.20072115384615385 0.057692307692307696 0.06971153846153846
154 0.9182692307692307 0.24278846153846154 0.052884615384615384 0.0673076923076923
118 0.27163461538461536 0.32091346153846156 0.052884615384615384 0.06490384615384616
200 0.027644230769230768 0.03365384615384615 0.055288461538461536 0.0673076923076923
199 0.9170673076923077 0.34975961538461536 0.06009615384615385 0.07932692307692307
40 0.9182692307692307 0.042067307692307696 0.057692307692307696 0.06971153846153846
68 0.5180288461538461 0.4230769230769231 0.055288461538461536 0.07211538461538461
118 0.27163461538461536 0.4338942307692308 0.052884615384615384 0.06971153846153846
118 0.7367788461538461 0.43509615384615385 0.055288461538461536 0.07211538461538461
12 0.07572115384615384 0.43509615384615385 0.06009615384615385 0.07692307692307693
118 0.27283653846153844 0.5745192307692307 0.055288461538461536 0.07692307692307693
118 0.27163461538461536 0.6742788461538461 0.052884615384615384 0.06971153846153846
43 0.7379807692307693 0.7608173076923077 0.0625 0.07932692307692307
118 0.27163461538461536 0.7776442307692307 0.052884615384615384 0.06971153846153846
49 0.06610576923076923 0.8786057692307693 0.06009615384615385 0.07932692307692307
136 0.3918269230769231 0.921875 0.0625 0.07932692307692307
118 0.2764423076923077 0.09375 0.04807692307692308 0.0673076923076923
153 0.7391826923076923 0.09735576923076923 0.06009615384615385 0.07932692307692307