200 0.6189903846153846 0.3954326923076923 0.021634615384615384 0.06490384615384616
200 0.27163461538461536 0.04326923076923077 0.02403846153846154 0.07211538461538461
200 0.5516826923076923 0.04326923076923077 0.021634615384615384 0.0673076923076923
200 0.18028846153846154 0.4807692307692308 0.02403846153846154 0.0625
103 0.8605769230769231 0.5072115384615384 0.04326923076923077 0.1201923076923077
153 0.7415865384615384 0.5072115384615384 0.04567307692307692 0.1201923076923077
40 0.8004807692307693 0.5084134615384616 0.04807692307692308 0.12259615384615384
199 0.9158653846153846 0.5096153846153846 0.04807692307692308 0.125
153 0.36899038461538464 0.5444711538461539 0.04567307692307692 0.11778846153846154
103 0.5084134615384616 0.546875 0.04567307692307692 0.12259615384615384
34 0.43990384615384615 0.5456730769230769 0.04807692307692308 0.12980769230769232
12 0.20673076923076922 0.5805288461538461 0.028846153846153848 0.07451923076923077
12 0.2548076923076923 0.6826923076923077 0.028846153846153848 0.07692307692307693
200 0.6201923076923077 0.7175480769230769 0.02403846153846154 0.06971153846153846
49 0.5084134615384616 0.7283653846153846 0.05048076923076923 0.125
40 0.43990384615384615 0.7295673076923077 0.04326923076923077 0.12740384615384615
199 0.36778846153846156 0.734375 0.04807692307692308 0.11778846153846154
12 0.2548076923076923 0.7752403846153846 0.028846153846153848 0.07451923076923077
199 0.9170673076923077 0.8269230769230769 0.04567307692307692 0.125
103 0.8605769230769231 0.8269230769230769 0.04326923076923077 0.1201923076923077
153 0.7403846153846154 0.8269230769230769 0.04326923076923077 0.1201923076923077
40 0.8016826923076923 0.8305288461538461 0.04567307692307692 0.12259615384615384
103 0.4266826923076923 0.17067307692307693 0.040865384615384616 0.11057692307692307
165 0.2980769230769231 0.17307692307692307 0.04326923076923077 0.125
40 0.640625 0.17307692307692307 0.04567307692307692 0.12980769230769232
152 0.3629807692307692 0.17307692307692307 0.04326923076923077 0.1201923076923077
103 0.6983173076923077 0.17307692307692307 0.040865384615384616 0.1201923076923077
153 0.5769230769230769 0.17307692307692307 0.04326923076923077 0.11538461538461539