74 0.38341346153846156 0.11057692307692307 0.06490384615384616 0.09615384615384616
195 0.6298076923076923 0.25721153846153844 0.0625 0.07692307692307693
195 0.1658653846153846 0.25721153846153844 0.0625 0.08173076923076923
110 0.9146634615384616 0.3701923076923077 0.09375 0.09615384615384616
110 0.7692307692307693 0.38221153846153844 0.07211538461538461 0.07692307692307693
74 0.38341346153846156 0.4074519230769231 0.06490384615384616 0.09375
70 0.1658653846153846 0.5504807692307693 0.0673076923076923 0.09134615384615384
70 0.6322115384615384 0.5516826923076923 0.07211538461538461 0.09375
22 0.38221153846153844 0.5564903846153846 0.0673076923076923 0.0889423076923077
68 0.16706730769230768 0.8209134615384616 0.06490384615384616 0.08413461538461539
140 0.38461538461538464 0.8221153846153846 0.0625 0.08173076923076923
145 0.6334134615384616 0.8221153846153846 0.06971153846153846 0.09134615384615384