9 0.2860576923076923 0.14783653846153846 0.07692307692307693 0.12740384615384615
141 0.6646634615384616 0.14903846153846154 0.07451923076923077 0.11538461538461539
101 0.47596153846153844 0.1502403846153846 0.07692307692307693 0.11778846153846154
145 0.8569711538461539 0.47596153846153844 0.07451923076923077 0.1201923076923077
74 0.47475961538461536 0.47475961538461536 0.07451923076923077 0.11298076923076923
73 0.6658653846153846 0.47596153846153844 0.07692307692307693 0.1201923076923077
152 0.2860576923076923 0.47836538461538464 0.07692307692307693 0.1201923076923077
200 0.203125 0.04927884615384615 0.026442307692307692 0.040865384615384616
66 0.8713942307692307 0.8161057692307693 0.07932692307692307 0.0889423076923077
97 0.6658653846153846 0.8329326923076923 0.08173076923076923 0.13221153846153846
143 0.47596153846153844 0.8353365384615384 0.08173076923076923 0.13221153846153846