153 0.7572115384615384 0.21514423076923078 0.07692307692307693 0.15625
118 0.8341346153846154 0.21634615384615385 0.04326923076923077 0.07692307692307693
160 0.5949519230769231 0.21754807692307693 0.07932692307692307 0.1466346153846154
68 0.9122596153846154 0.21875 0.08413461538461539 0.16826923076923078
118 0.36658653846153844 0.32091346153846156 0.07451923076923077 0.16105769230769232
118 0.5997596153846154 0.4362980769230769 0.036057692307692304 0.07451923076923077
153 0.17668269230769232 0.4567307692307692 0.06971153846153846 0.16346153846153846
118 0.24519230769230768 0.4579326923076923 0.038461538461538464 0.07932692307692307
68 0.9074519230769231 0.6009615384615384 0.07451923076923077 0.16346153846153846
153 0.5997596153846154 0.6081730769230769 0.07932692307692307 0.15384615384615385
118 0.7560096153846154 0.609375 0.06490384615384616 0.18028846153846154
118 0.3629807692307692 0.6165865384615384 0.08173076923076923 0.16105769230769232
200 0.13341346153846154 0.13221153846153846 0.040865384615384616 0.08653846153846154
57 0.04447115384615385 0.4831730769230769 0.0889423076923077 0.1778846153846154