200 0.28125 0.1346153846153846 0.08653846153846154 0.1201923076923077
35 0.14423076923076922 0.17067307692307693 0.07211538461538461 0.13942307692307693
70 0.5132211538461539 0.25721153846153844 0.06971153846153846 0.14423076923076922
74 0.38822115384615385 0.2932692307692308 0.055288461538461536 0.12980769230769232
152 0.3004807692307692 0.2956730769230769 0.04807692307692308 0.1201923076923077
35 0.14423076923076922 0.3605769230769231 0.0673076923076923 0.1346153846153846
153 0.6730769230769231 0.40625 0.07211538461538461 0.14423076923076922
35 0.14543269230769232 0.5528846153846154 0.06971153846153846 0.1346153846153846
44 0.5564903846153846 0.6009615384615384 0.055288461538461536 0.11057692307692307
35 0.41225961538461536 0.8605769230769231 0.06490384615384616 0.125
35 0.5036057692307693 0.8605769230769231 0.06971153846153846 0.125
35 0.5889423076923077 0.8617788461538461 0.07211538461538461 0.12740384615384615
164 0.36899038461538464 0.5204326923076923 0.05048076923076923 0.12259615384615384
164 0.6358173076923077 0.5985576923076923 0.05048076923076923 0.1201923076923077
164 0.8305288461538461 0.6225961538461539 0.05048076923076923 0.1201923076923077