118 0.8245192307692307 0.18509615384615385 0.057692307692307696 0.1201923076923077
12 0.5372596153846154 0.46033653846153844 0.055288461538461536 0.12740384615384615
118 0.8257211538461539 0.46153846153846156 0.055288461538461536 0.125
12 0.06129807692307692 0.4639423076923077 0.055288461538461536 0.125
118 0.20552884615384615 0.4651442307692308 0.05048076923076923 0.12259615384615384
68 0.9266826923076923 0.46875 0.055288461538461536 0.125
112 0.6706730769230769 0.7259615384615384 0.04807692307692308 0.1201923076923077
118 0.8245192307692307 0.7367788461538461 0.052884615384615384 0.11778846153846154
156 0.9242788461538461 0.7391826923076923 0.055288461538461536 0.12740384615384615
118 0.5685096153846154 0.7391826923076923 0.055288461538461536 0.11778846153846154
68 0.26322115384615385 0.8233173076923077 0.05048076923076923 0.14182692307692307
156 0.15144230769230768 0.828125 0.057692307692307696 0.12259615384615384
112 0.14903846153846154 0.10096153846153846 0.04807692307692308 0.125
145 0.20673076923076922 0.10096153846153846 0.052884615384615384 0.1201923076923077
145 0.6694711538461539 0.17067307692307693 0.055288461538461536 0.125
118 0.5721153846153846 0.17908653846153846 0.057692307692307696 0.12740384615384615