116 0.5168269230769231 0.22355769230769232 0.08653846153846154 0.1346153846153846
118 0.6574519230769231 0.2247596153846154 0.08413461538461539 0.13701923076923078
12 0.2644230769230769 0.22355769230769232 0.08173076923076923 0.12980769230769232
118 0.375 0.22355769230769232 0.08173076923076923 0.12980769230769232
157 0.8233173076923077 0.22596153846153846 0.0985576923076923 0.1346153846153846
153 0.5 0.4182692307692308 0.08173076923076923 0.10096153846153846
77 0.7247596153846154 0.4375 0.07932692307692307 0.09134615384615384
82 0.8473557692307693 0.7055288461538461 0.11298076923076923 0.12740384615384615
118 0.6862980769230769 0.7199519230769231 0.0889423076923077 0.13221153846153846
157 0.5240384615384616 0.7199519230769231 0.10096153846153846 0.13701923076923078
118 0.3485576923076923 0.7211538461538461 0.09134615384615384 0.1201923076923077
103 0.9026442307692307 0.11057692307692307 0.05048076923076923 0.08653846153846154