200 0.12860576923076922 0.04567307692307692 0.040865384615384616 0.07692307692307693
105 0.19831730769230768 0.18870192307692307 0.08413461538461539 0.1466346153846154
70 0.04326923076923077 0.18509615384615385 0.052884615384615384 0.10576923076923077
118 0.19951923076923078 0.47475961538461536 0.0625 0.10336538461538461
118 0.5649038461538461 0.18509615384615385 0.057692307692307696 0.10096153846153846
118 0.5661057692307693 0.4699519230769231 0.06009615384615385 0.10336538461538461
68 0.38822115384615385 0.18629807692307693 0.08413461538461539 0.1466346153846154
12 0.6959134615384616 0.33653846153846156 0.08413461538461539 0.14903846153846154
49 0.6947115384615384 0.8149038461538461 0.08173076923076923 0.15384615384615385
15 0.8377403846153846 0.8149038461538461 0.08413461538461539 0.15384615384615385
46 0.8329326923076923 0.5588942307692307 0.08413461538461539 0.15625
105 0.38822115384615385 0.47115384615384615 0.09375 0.16826923076923078
105 0.38822115384615385 0.8028846153846154 0.0889423076923077 0.16346153846153846