44 0.09975961538461539 0.2512019230769231 0.07451923076923077 0.13701923076923078
15 0.22956730769230768 0.3088942307692308 0.07932692307692307 0.12740384615384615
153 0.4651442307692308 0.49759615384615385 0.07451923076923077 0.12980769230769232
177 0.5637019230769231 0.578125 0.036057692307692304 0.06009615384615385
78 0.9014423076923077 0.5805288461538461 0.07692307692307693 0.11778846153846154
118 0.22956730769230768 0.5985576923076923 0.07451923076923077 0.12980769230769232
12 0.0985576923076923 0.6009615384615384 0.08173076923076923 0.125
118 0.6081730769230769 0.6586538461538461 0.07692307692307693 0.12980769230769232
68 0.4651442307692308 0.6622596153846154 0.06971153846153846 0.12740384615384615
88 0.7403846153846154 0.6634615384615384 0.07211538461538461 0.125
40 0.9014423076923077 0.765625 0.07692307692307693 0.12259615384615384
103 0.22956730769230768 0.8521634615384616 0.07932692307692307 0.12740384615384615
49 0.0985576923076923 0.8569711538461539 0.07692307692307693 0.12259615384615384
153 0.5492788461538461 0.14543269230769232 0.08413461538461539 0.14182692307692307
153 0.23197115384615385 0.1502403846153846 0.07932692307692307 0.11778846153846154
45 0.8052884615384616 0.15144230769230768 0.0673076923076923 0.11538461538461539
106 0.43990384615384615 0.15504807692307693 0.052884615384615384 0.08413461538461539
48 0.6778846153846154 0.15504807692307693 0.07692307692307693 0.12259615384615384