157 0.4735576923076923 0.21394230769230768 0.07211538461538461 0.07211538461538461
188 0.11177884615384616 0.26802884615384615 0.07451923076923077 0.07932692307692307
153 0.8617788461538461 0.2920673076923077 0.07451923076923077 0.0985576923076923
118 0.7403846153846154 0.2980769230769231 0.07692307692307693 0.08653846153846154
40 0.4699519230769231 0.30649038461538464 0.06971153846153846 0.0985576923076923
188 0.1141826923076923 0.39903846153846156 0.07451923076923077 0.07692307692307693
155 0.4567307692307692 0.4495192307692308 0.04807692307692308 0.052884615384615384
153 0.6995192307692307 0.47475961538461536 0.12980769230769232 0.17067307692307693
12 0.35096153846153844 0.47596153846153844 0.08173076923076923 0.09134615384615384
155 0.20072115384615385 0.47596153846153844 0.07932692307692307 0.09134615384615384
118 0.4831730769230769 0.4807692307692308 0.07692307692307693 0.09134615384615384
80 0.703125 0.7331730769230769 0.0985576923076923 0.1201923076923077
158 0.34975961538461536 0.7355769230769231 0.07451923076923077 0.09134615384615384
68 0.8665865384615384 0.7355769230769231 0.09375 0.11538461538461539
118 0.48197115384615385 0.7367788461538461 0.07451923076923077 0.09375
200 0.3581730769230769 0.09375 0.08653846153846154 0.08173076923076923
110 0.10216346153846154 0.11057692307692307 0.07451923076923077 0.10576923076923077
113 0.45552884615384615 0.09975961538461539 0.07451923076923077 0.0889423076923077
113 0.17548076923076922 0.11177884615384616 0.0673076923076923 0.0889423076923077