197 0.08653846153846154 0.21514423076923078 0.12980769230769232 0.23798076923076922
153 0.5877403846153846 0.21634615384615385 0.07451923076923077 0.15384615384615385
152 0.3762019230769231 0.21995192307692307 0.06971153846153846 0.15144230769230768
44 0.47596153846153844 0.22355769230769232 0.07211538461538461 0.16346153846153846
200 0.3004807692307692 0.03365384615384615 0.057692307692307696 0.0625
125 0.07932692307692307 0.4639423076923077 0.0625 0.17307692307692307
12 0.4074519230769231 0.5348557692307693 0.07932692307692307 0.14182692307692307
155 0.17548076923076922 0.5360576923076923 0.07211538461538461 0.1201923076923077
118 0.5564903846153846 0.5372596153846154 0.07451923076923077 0.1466346153846154
68 0.7716346153846154 0.546875 0.07211538461538461 0.13221153846153846
125 0.08173076923076923 0.7235576923076923 0.07211538461538461 0.20673076923076922
110 0.7632211538461539 0.734375 0.1466346153846154 0.1466346153846154
49 0.40625 0.7463942307692307 0.07692307692307693 0.13701923076923078