25 0.22355769230769232 0.1935096153846154 0.038461538461538464 0.05048076923076923
142 0.6334134615384616 0.24158653846153846 0.04567307692307692 0.05048076923076923
140 0.25 0.24278846153846154 0.038461538461538464 0.052884615384615384
74 0.3173076923076923 0.33653846153846156 0.0673076923076923 0.08173076923076923
128 0.7403846153846154 0.33653846153846156 0.0673076923076923 0.08173076923076923
70 0.47596153846153844 0.34134615384615385 0.07692307692307693 0.10576923076923077
153 0.3954326923076923 0.04927884615384615 0.06971153846153846 0.07932692307692307
110 0.9651442307692307 0.5060096153846154 0.06009615384615385 0.07451923076923077
74 0.08774038461538461 0.5060096153846154 0.06971153846153846 0.08413461538461539
40 0.5336538461538461 0.051682692307692304 0.07211538461538461 0.07932692307692307
78 0.6766826923076923 0.051682692307692304 0.06490384615384616 0.07451923076923077
25 0.22355769230769232 0.546875 0.038461538461538464 0.04567307692307692
140 0.25 0.5961538461538461 0.04326923076923077 0.04807692307692308
142 0.6346153846153846 0.5985576923076923 0.04326923076923077 0.052884615384615384
152 0.09014423076923077 0.6658653846153846 0.06490384615384616 0.07692307692307693
128 0.7403846153846154 0.6947115384615384 0.0625 0.07692307692307693
79 0.4735576923076923 0.6959134615384616 0.0673076923076923 0.0985576923076923
74 0.31490384615384615 0.6959134615384616 0.0673076923076923 0.07451923076923077