70 0.09615384615384616 0.3581730769230769 0.028846153846153848 0.03365384615384615
70 0.0985576923076923 0.21634615384615385 0.03365384615384615 0.03365384615384615
70 0.14423076923076922 0.21634615384615385 0.03365384615384615 0.03365384615384615
70 0.2920673076923077 0.21514423076923078 0.036057692307692304 0.036057692307692304
70 0.3425480769230769 0.21634615384615385 0.036057692307692304 0.03365384615384615
111 0.23557692307692307 0.13581730769230768 0.03365384615384615 0.03125
153 0.1658653846153846 0.08533653846153846 0.028846153846153848 0.03125
128 0.0985576923076923 0.2620192307692308 0.03365384615384615 0.03365384615384615
128 0.2932692307692308 0.2620192307692308 0.03365384615384615 0.03365384615384615
145 0.09375 0.4074519230769231 0.03365384615384615 0.03125
145 0.29086538461538464 0.4074519230769231 0.028846153846153848 0.040865384615384616
70 0.2956730769230769 0.3581730769230769 0.03365384615384615 0.03365384615384615
10 0.23557692307692307 0.24278846153846154 0.028846153846153848 0.028846153846153848
10 0.234375 0.28966346153846156 0.03125 0.03125
142 0.06610576923076923 0.18629807692307693 0.026442307692307692 0.03125
142 0.2608173076923077 0.18629807692307693 0.021634615384615384 0.03125
140 0.06850961538461539 0.328125 0.026442307692307692 0.026442307692307692
140 0.2620192307692308 0.3269230769230769 0.02403846153846154 0.02403846153846154
149 0.53125 0.009615384615384616 0.019230769230769232 0.019230769230769232
149 0.009615384615384616 0.009615384615384616 0.019230769230769232 0.019230769230769232
152 0.23557692307692307 0.026442307692307692 0.03365384615384615 0.03365384615384615
149 0.009615384615384616 0.5576923076923077 0.019230769230769232 0.02403846153846154
142 0.06971153846153846 0.6875 0.02403846153846154 0.02403846153846154
111 0.23677884615384615 0.6346153846153846 0.026442307692307692 0.028846153846153848
192 0.23677884615384615 0.6911057692307693 0.026442307692307692 0.03125
10 0.23557692307692307 0.7367788461538461 0.028846153846153848 0.03125
22 0.13221153846153846 0.7151442307692307 0.02403846153846154 0.026442307692307692
22 0.328125 0.7151442307692307 0.026442307692307692 0.021634615384615384
142 0.26322115384615385 0.6862980769230769 0.021634615384615384 0.021634615384615384
140 0.06850961538461539 0.8341346153846154 0.021634615384615384 0.02403846153846154
140 0.26322115384615385 0.8341346153846154 0.021634615384615384 0.02403846153846154
145 0.2920673076923077 0.8641826923076923 0.026442307692307692 0.03125
145 0.15504807692307693 0.8641826923076923 0.026442307692307692 0.03125
145 0.09735576923076923 0.8629807692307693 0.026442307692307692 0.03365384615384615
83 0.4326923076923077 0.8064903846153846 0.028846153846153848 0.03125
149 0.5324519230769231 0.5600961538461539 0.021634615384615384 0.02403846153846154
12 0.5709134615384616 0.6153846153846154 0.03125 0.03365384615384615
12 0.6274038461538461 0.6153846153846154 0.028846153846153848 0.028846153846153848
12 0.5721153846153846 0.6682692307692307 0.028846153846153848 0.028846153846153848
12 0.6274038461538461 0.6706730769230769 0.028846153846153848 0.028846153846153848
12 0.5709134615384616 0.7235576923076923 0.026442307692307692 0.028846153846153848
118 0.6983173076923077 0.6153846153846154 0.03125 0.028846153846153848
118 0.7439903846153846 0.6165865384615384 0.03125 0.03125
118 0.7884615384615384 0.6165865384615384 0.028846153846153848 0.03125
118 0.6959134615384616 0.6694711538461539 0.03125 0.03125
118 0.7415865384615384 0.6694711538461539 0.03125 0.03125
118 0.7884615384615384 0.6706730769230769 0.03365384615384615 0.03365384615384615
118 0.6971153846153846 0.7247596153846154 0.028846153846153848 0.03125
118 0.7415865384615384 0.7247596153846154 0.03125 0.03125
118 0.7884615384615384 0.7247596153846154 0.028846153846153848 0.03125
176 0.8545673076923077 0.6153846153846154 0.03125 0.03365384615384615
176 0.9038461538461539 0.6153846153846154 0.028846153846153848 0.03365384615384615
176 0.9555288461538461 0.6153846153846154 0.03125 0.03365384615384615
176 0.8533653846153846 0.6706730769230769 0.028846153846153848 0.03365384615384615
176 0.9026442307692307 0.6682692307692307 0.03125 0.03365384615384615
176 0.9543269230769231 0.6694711538461539 0.028846153846153848 0.03125
152 0.5697115384615384 0.8389423076923077 0.03365384615384615 0.028846153846153848
153 0.7163461538461539 0.8112980769230769 0.02403846153846154 0.03125
153 0.7163461538461539 0.875 0.028846153846153848 0.03365384615384615
153 0.8149038461538461 0.8377403846153846 0.028846153846153848 0.03125
153 0.8701923076923077 0.8377403846153846 0.028846153846153848 0.03125
153 0.9254807692307693 0.8389423076923077 0.028846153846153848 0.028846153846153848
153 0.9254807692307693 0.9014423076923077 0.028846153846153848 0.028846153846153848
153 0.8701923076923077 0.9014423076923077 0.02403846153846154 0.03365384615384615
153 0.8149038461538461 0.9026442307692307 0.028846153846153848 0.03125
44 0.6454326923076923 0.8389423076923077 0.03125 0.03365384615384615
44 0.6442307692307693 0.9459134615384616 0.028846153846153848 0.03125
153 0.71875 0.9483173076923077 0.028846153846153848 0.026442307692307692
153 0.8149038461538461 0.9627403846153846 0.028846153846153848 0.03125
153 0.8713942307692307 0.9651442307692307 0.026442307692307692 0.03125
44 0.23677884615384615 0.08653846153846154 0.026442307692307692 0.028846153846153848
56 0.8317307692307693 0.03485576923076923 0.028846153846153848 0.03125
192 0.8317307692307693 0.08533653846153846 0.028846153846153848 0.03125
111 0.7584134615384616 0.13822115384615385 0.03125 0.03125
191 0.8305288461538461 0.13701923076923078 0.03125 0.03365384615384615
142 0.5901442307692307 0.1875 0.021634615384615384 0.02403846153846154
142 0.7824519230769231 0.18990384615384615 0.021634615384615384 0.02403846153846154
192 0.7572115384615384 0.21634615384615385 0.028846153846153848 0.028846153846153848
128 0.6213942307692307 0.21754807692307693 0.03125 0.03125
140 0.7836538461538461 0.2800480769230769 0.019230769230769232 0.021634615384615384
140 0.5901442307692307 0.2800480769230769 0.021634615384615384 0.021634615384615384
147 0.8052884615384616 0.3125 0.028846153846153848 0.028846153846153848
70 0.6225961538461539 0.3449519230769231 0.028846153846153848 0.03125
70 0.6754807692307693 0.3449519230769231 0.028846153846153848 0.03125
70 0.6213942307692307 0.38822115384615385 0.03125 0.03125
70 0.6730769230769231 0.390625 0.028846153846153848 0.03125
22 0.6586538461538461 0.30528846153846156 0.019230769230769232 0.019230769230769232
70 0.29447115384615385 0.7560096153846154 0.03125 0.03125
70 0.3545673076923077 0.7584134615384616 0.03125 0.03125
70 0.10096153846153846 0.7608173076923077 0.028846153846153848 0.03125
70 0.15745192307692307 0.7608173076923077 0.03125 0.03125