153 0.04807692307692308 0.4074519230769231 0.057692307692307696 0.14182692307692307
153 0.19951923076923078 0.40625 0.057692307692307696 0.14423076923076922
153 0.5084134615384616 0.4014423076923077 0.055288461538461536 0.12980769230769232
153 0.78125 0.40384615384615385 0.057692307692307696 0.13942307692307693
118 0.33413461538461536 0.6141826923076923 0.057692307692307696 0.13221153846153846
50 0.3317307692307692 0.17067307692307693 0.057692307692307696 0.13942307692307693
145 0.23918269230769232 0.8461538461538461 0.06009615384615385 0.13942307692307693
148 0.33052884615384615 0.8473557692307693 0.06009615384615385 0.14182692307692307
67 0.41466346153846156 0.8473557692307693 0.06009615384615385 0.13701923076923078
100 0.6237980769230769 0.4050480769230769 0.055288461538461536 0.13701923076923078
122 0.12740384615384615 0.4098557692307692 0.0625 0.1466346153846154
160 0.7007211538461539 0.39783653846153844 0.055288461538461536 0.13221153846153846
20 0.33052884615384615 0.43028846153846156 0.06009615384615385 0.13942307692307693
160 0.8641826923076923 0.40384615384615385 0.055288461538461536 0.1346153846153846
132 0.9423076923076923 0.3918269230769231 0.04807692307692308 0.13942307692307693
57 0.10096153846153846 0.8557692307692307 0.04807692307692308 0.1201923076923077
57 0.16466346153846154 0.8533653846153846 0.05048076923076923 0.11057692307692307