43 0.12139423076923077 0.26802884615384615 0.08413461538461539 0.0985576923076923
74 0.41466346153846156 0.296875 0.0889423076923077 0.0985576923076923
74 0.4110576923076923 0.29927884615384615 0.0673076923076923 0.07932692307692307
153 0.7788461538461539 0.4567307692307692 0.0673076923076923 0.08653846153846154
157 0.11658653846153846 0.4579326923076923 0.0889423076923077 0.08413461538461539
68 0.11538461538461539 0.6189903846153846 0.08173076923076923 0.0985576923076923
70 0.3485576923076923 0.78125 0.09615384615384616 0.11538461538461539
145 0.6346153846153846 0.7824519230769231 0.0625 0.09375
145 0.5012019230769231 0.7932692307692307 0.06009615384615385 0.08653846153846154
156 0.12139423076923077 0.8016826923076923 0.09375 0.09375
44 0.7776442307692307 0.16105769230769232 0.07451923076923077 0.08173076923076923
152 0.41586538461538464 0.171875 0.08173076923076923 0.07932692307692307