68 0.8305288461538461 0.3389423076923077 0.07932692307692307 0.17307692307692307
118 0.44471153846153844 0.3737980769230769 0.07211538461538461 0.15144230769230768
118 0.6778846153846154 0.3858173076923077 0.07692307692307693 0.15625
12 0.28365384615384615 0.3894230769230769 0.07692307692307693 0.15384615384615385
104 0.5552884615384616 0.5276442307692307 0.0625 0.14182692307692307
153 0.8257211538461539 0.6045673076923077 0.06490384615384616 0.14182692307692307
153 0.6766826923076923 0.6129807692307693 0.07932692307692307 0.16826923076923078
49 0.28966346153846156 0.6586538461538461 0.06971153846153846 0.14903846153846154
199 0.43990384615384615 0.7596153846153846 0.08173076923076923 0.1778846153846154
39 0.625 0.7980769230769231 0.07211538461538461 0.14903846153846154
200 0.27403846153846156 0.12860576923076922 0.057692307692307696 0.14182692307692307