200 0.020432692307692308 0.036057692307692304 0.036057692307692304 0.057692307692307696
188 0.04567307692307692 0.12740384615384615 0.04326923076923077 0.08173076923076923
188 0.042067307692307696 0.5420673076923077 0.05048076923076923 0.08413461538461539
188 0.04567307692307692 0.8305288461538461 0.04807692307692308 0.08413461538461539
49 0.109375 0.546875 0.06490384615384616 0.11778846153846154
103 0.11298076923076923 0.359375 0.0625 0.10817307692307693
39 0.33533653846153844 0.24639423076923078 0.06490384615384616 0.10817307692307693
68 0.44711538461538464 0.36899038461538464 0.0673076923076923 0.11298076923076923
165 0.44591346153846156 0.6634615384615384 0.06490384615384616 0.11538461538461539
51 0.5853365384615384 0.6622596153846154 0.06490384615384616 0.11778846153846154
118 0.5853365384615384 0.39783653846153844 0.06490384615384616 0.11298076923076923
85 0.5841346153846154 0.24278846153846154 0.0625 0.11057692307692307
153 0.9098557692307693 0.5540865384615384 0.04567307692307692 0.08413461538461539
69 0.8401442307692307 0.5576923076923077 0.036057692307692304 0.08173076923076923
145 0.7872596153846154 0.5564903846153846 0.05048076923076923 0.0889423076923077
70 0.7271634615384616 0.5564903846153846 0.04567307692307692 0.07932692307692307
149 0.6983173076923077 0.453125 0.04567307692307692 0.07932692307692307