188 0.6057692307692307 0.04927884615384615 0.057692307692307696 0.07451923076923077
188 0.390625 0.04927884615384615 0.06009615384615385 0.07451923076923077
200 0.055288461538461536 0.14543269230769232 0.04807692307692308 0.06009615384615385
142 0.18870192307692307 0.43028846153846156 0.05048076923076923 0.057692307692307696
142 0.18629807692307693 0.6862980769230769 0.04567307692307692 0.05048076923076923
70 0.296875 0.46274038461538464 0.06009615384615385 0.06490384615384616
70 0.7019230769230769 0.46033653846153844 0.057692307692307696 0.07451923076923077
70 0.703125 0.7151442307692307 0.06009615384615385 0.07451923076923077
70 0.2932692307692308 0.7175480769230769 0.057692307692307696 0.06971153846153846
152 0.4987980769230769 0.11658653846153846 0.06009615384615385 0.06490384615384616
30 0.49759615384615385 0.23317307692307693 0.057692307692307696 0.0673076923076923
74 0.5 0.3485576923076923 0.052884615384615384 0.0625
74 0.5 0.6045673076923077 0.052884615384615384 0.06009615384615385
22 0.4987980769230769 0.42788461538461536 0.05048076923076923 0.0625
22 0.4987980769230769 0.6850961538461539 0.04567307692307692 0.057692307692307696
140 0.18629807692307693 0.8293269230769231 0.04567307692307692 0.052884615384615384
145 0.29447115384615385 0.8581730769230769 0.05048076923076923 0.057692307692307696
145 0.703125 0.8581730769230769 0.05048076923076923 0.0625
153 0.9014423076923077 0.3545673076923077 0.052884615384615384 0.06971153846153846