197 0.21875 0.037259615384615384 0.052884615384615384 0.04567307692307692
125 0.2620192307692308 0.03125 0.038461538461538464 0.0625
142 0.35216346153846156 0.171875 0.026442307692307692 0.03125
140 0.33533653846153844 0.31009615384615385 0.03125 0.03365384615384615
140 0.46634615384615385 0.3137019230769231 0.02403846153846154 0.03125
140 0.5985576923076923 0.3112980769230769 0.02403846153846154 0.03125
200 0.06490384615384616 0.13341346153846154 0.03365384615384615 0.036057692307692304
188 0.02403846153846154 0.4074519230769231 0.038461538461538464 0.04567307692307692
89 0.13701923076923078 0.4074519230769231 0.04807692307692308 0.055288461538461536
74 0.3954326923076923 0.2247596153846154 0.055288461538461536 0.06009615384615385
74 0.6478365384615384 0.2247596153846154 0.04567307692307692 0.055288461538461536
70 0.39663461538461536 0.375 0.052884615384615384 0.0673076923076923
70 0.6490384615384616 0.3737980769230769 0.04807692307692308 0.06971153846153846
42 0.5204326923076923 0.3737980769230769 0.040865384615384616 0.055288461538461536
195 0.6045673076923077 0.48197115384615385 0.04567307692307692 0.055288461538461536
12 0.5228365384615384 0.4795673076923077 0.04567307692307692 0.06009615384615385
57 0.9290865384615384 0.5216346153846154 0.040865384615384616 0.04807692307692308
64 0.8004807692307693 0.5588942307692307 0.038461538461538464 0.055288461538461536
70 0.6754807692307693 0.6490384615384616 0.04326923076923077 0.04807692307692308
118 0.5793269230769231 0.6466346153846154 0.04326923076923077 0.057692307692307696
118 0.38100961538461536 0.7307692307692307 0.040865384615384616 0.052884615384615384
70 0.4735576923076923 0.7319711538461539 0.04326923076923077 0.055288461538461536
79 0.47475961538461536 0.6466346153846154 0.040865384615384616 0.052884615384615384
73 0.38341346153846156 0.6478365384615384 0.04567307692307692 0.05048076923076923
139 0.41947115384615385 0.8209134615384616 0.040865384615384616 0.055288461538461536
158 0.38822115384615385 0.9387019230769231 0.04567307692307692 0.055288461538461536
157 0.47836538461538464 0.9375 0.038461538461538464 0.04807692307692308
40 0.5877403846153846 0.9362980769230769 0.040865384615384616 0.05048076923076923
199 0.6838942307692307 0.9362980769230769 0.040865384615384616 0.05048076923076923
174 0.13822115384615385 0.6454326923076923 0.04567307692307692 0.055288461538461536