183 0.203125 0.18870192307692307 0.06971153846153846 0.12740384615384615
40 0.8858173076923077 0.19110576923076922 0.07451923076923077 0.13221153846153846
88 0.5492788461538461 0.19230769230769232 0.07451923076923077 0.1346153846153846
120 0.7524038461538461 0.1971153846153846 0.07692307692307693 0.1346153846153846
153 0.38822115384615385 0.19831730769230768 0.07932692307692307 0.13701923076923078
157 0.8846153846153846 0.3954326923076923 0.07211538461538461 0.13221153846153846
88 0.4891826923076923 0.4206730769230769 0.07451923076923077 0.125
88 0.2800480769230769 0.4879807692307692 0.06971153846153846 0.1201923076923077
118 0.8930288461538461 0.6009615384615384 0.07932692307692307 0.12980769230769232
88 0.45072115384615385 0.6286057692307693 0.07451923076923077 0.13221153846153846
120 0.23197115384615385 0.6310096153846154 0.07451923076923077 0.13221153846153846
79 0.7548076923076923 0.8341346153846154 0.07211538461538461 0.1346153846153846
12 0.46274038461538464 0.8353365384615384 0.07932692307692307 0.13221153846153846
74 0.6069711538461539 0.8341346153846154 0.07932692307692307 0.13942307692307693
88 0.23677884615384615 0.8365384615384616 0.07451923076923077 0.12980769230769232
145 0.8990384615384616 0.8413461538461539 0.07692307692307693 0.1346153846153846
197 0.0625 0.6706730769230769 0.04807692307692308 0.09134615384615384
200 0.15625 0.07091346153846154 0.03365384615384615 0.06009615384615385