118 0.4254807692307692 0.19110576923076922 0.07692307692307693 0.17548076923076922
188 0.04567307692307692 0.19110576923076922 0.052884615384615384 0.12259615384615384
68 0.5649038461538461 0.19471153846153846 0.07211538461538461 0.16826923076923078
12 0.22235576923076922 0.21394230769230768 0.07932692307692307 0.17307692307692307
118 0.4254807692307692 0.5 0.0673076923076923 0.15865384615384615
68 0.5649038461538461 0.5 0.07211538461538461 0.17307692307692307
200 0.15745192307692307 0.057692307692307696 0.04567307692307692 0.10576923076923077
158 0.7211538461538461 0.7079326923076923 0.04326923076923077 0.0985576923076923
118 0.42427884615384615 0.7980769230769231 0.06971153846153846 0.15865384615384615
68 0.5637019230769231 0.8004807692307693 0.07451923076923077 0.16826923076923078
170 0.10576923076923077 0.8233173076923077 0.04326923076923077 0.10336538461538461
41 0.04927884615384615 0.8533653846153846 0.06971153846153846 0.16826923076923078
12 0.23798076923076922 0.8918269230769231 0.04807692307692308 0.10576923076923077
118 0.28966346153846156 0.8918269230769231 0.040865384615384616 0.09615384615384616
85 0.8161057692307693 0.09615384615384616 0.04567307692307692 0.11538461538461539