44 0.3233173076923077 0.16105769230769232 0.040865384615384616 0.0673076923076923
12 0.36658653846153844 0.3076923076923077 0.040865384615384616 0.0673076923076923
118 0.7560096153846154 0.3088942307692308 0.040865384615384616 0.06971153846153846
12 0.8701923076923077 0.3088942307692308 0.04326923076923077 0.06971153846153846
118 0.25240384615384615 0.31009615384615385 0.04326923076923077 0.0673076923076923
111 0.16947115384615385 0.31009615384615385 0.04567307692307692 0.07211538461538461
111 0.6730769230769231 0.3112980769230769 0.04326923076923077 0.07451923076923077
188 0.5420673076923077 0.03485576923076923 0.05048076923076923 0.06971153846153846
142 0.5588942307692307 0.453125 0.03125 0.05048076923076923
142 0.8137019230769231 0.4543269230769231 0.026442307692307692 0.04326923076923077
142 0.055288461538461536 0.4543269230769231 0.03365384615384615 0.04807692307692308
142 0.30649038461538464 0.45552884615384615 0.03125 0.04567307692307692
10 0.7548076923076923 0.4543269230769231 0.04807692307692308 0.07211538461538461
10 0.2536057692307692 0.45913461538461536 0.05048076923076923 0.07211538461538461
128 0.1141826923076923 0.49759615384615385 0.04567307692307692 0.07211538461538461
128 0.8689903846153846 0.49759615384615385 0.04567307692307692 0.0673076923076923
128 0.6177884615384616 0.4987980769230769 0.04326923076923077 0.06971153846153846
128 0.36538461538461536 0.5012019230769231 0.04326923076923077 0.06490384615384616
140 0.3076923076923077 0.6033653846153846 0.028846153846153848 0.04807692307692308
140 0.5576923076923077 0.6045673076923077 0.028846153846153848 0.04567307692307692
140 0.8112980769230769 0.6057692307692307 0.03125 0.038461538461538464
140 0.052884615384615384 0.6069711538461539 0.028846153846153848 0.04567307692307692
79 0.06129807692307692 0.6550480769230769 0.040865384615384616 0.055288461538461536
79 0.5661057692307693 0.6574519230769231 0.040865384615384616 0.055288461538461536
153 0.31490384615384615 0.8713942307692307 0.052884615384615384 0.08413461538461539
40 0.17427884615384615 0.8725961538461539 0.05048076923076923 0.08653846153846154
40 0.6778846153846154 0.8725961538461539 0.04807692307692308 0.07692307692307693
39 0.7560096153846154 0.8725961538461539 0.055288461538461536 0.07692307692307693
80 0.5889423076923077 0.875 0.0625 0.07692307692307693
153 0.8209134615384616 0.875 0.055288461538461536 0.07692307692307693
39 0.25240384615384615 0.875 0.052884615384615384 0.07692307692307693
80 0.08533653846153846 0.8798076923076923 0.055288461538461536 0.07211538461538461
200 0.014423076923076924 0.11658653846153846 0.028846153846153848 0.04567307692307692
152 0.23197115384615385 0.15865384615384615 0.040865384615384616 0.0673076923076923