79 0.6502403846153846 0.7980769230769231 0.06009615384615385 0.09134615384615384
88 0.5733173076923077 0.8581730769230769 0.06009615384615385 0.09134615384615384
78 0.7223557692307693 0.859375 0.04567307692307692 0.08413461538461539
51 0.39903846153846156 0.9074519230769231 0.057692307692307696 0.08413461538461539
118 0.3918269230769231 0.12860576923076922 0.038461538461538464 0.06971153846153846
68 0.25 0.1310096153846154 0.057692307692307696 0.0985576923076923
153 0.734375 0.13822115384615385 0.055288461538461536 0.10336538461538461
118 0.5396634615384616 0.14543269230769232 0.06009615384615385 0.0889423076923077
20 0.6310096153846154 0.14783653846153846 0.06009615384615385 0.0985576923076923
153 0.9254807692307693 0.1502403846153846 0.0625 0.0985576923076923
31 0.828125 0.15264423076923078 0.040865384615384616 0.10336538461538461
49 0.24759615384615385 0.2704326923076923 0.08653846153846154 0.09375
200 0.09735576923076923 0.03245192307692308 0.03125 0.055288461538461536
140 0.5252403846153846 0.3485576923076923 0.026442307692307692 0.04326923076923077
153 0.8665865384615384 0.3713942307692308 0.06490384615384616 0.10817307692307693
129 0.6983173076923077 0.45072115384615385 0.05048076923076923 0.0985576923076923
153 0.2512019230769231 0.4639423076923077 0.06490384615384616 0.08653846153846154
19 0.4362980769230769 0.4639423076923077 0.05048076923076923 0.08653846153846154
44 0.14423076923076922 0.4735576923076923 0.0673076923076923 0.08653846153846154
188 0.03245192307692308 0.47596153846153844 0.04567307692307692 0.08653846153846154
12 0.3581730769230769 0.47596153846153844 0.0625 0.08653846153846154
48 0.8713942307692307 0.5504807692307693 0.06009615384615385 0.0625
118 0.5973557692307693 0.5961538461538461 0.06490384615384616 0.07211538461538461
12 0.39302884615384615 0.6454326923076923 0.06971153846153846 0.07451923076923077
45 0.875 0.7067307692307693 0.04807692307692308 0.08653846153846154
153 0.2668269230769231 0.7668269230769231 0.04807692307692308 0.0673076923076923
155 0.39663461538461536 0.7680288461538461 0.052884615384615384 0.08413461538461539
15 0.15745192307692307 0.7704326923076923 0.06009615384615385 0.07451923076923077
80 0.7007211538461539 0.5925480769230769 0.04567307692307692 0.07932692307692307
106 0.8725961538461539 0.8605769230769231 0.038461538461538464 0.0673076923076923
118 0.5949519230769231 0.4579326923076923 0.040865384615384616 0.06971153846153846