140 0.44711538461538464 0.21634615384615385 0.019230769230769232 0.0625
140 0.35697115384615385 0.22355769230769232 0.021634615384615384 0.057692307692307696
72 0.30408653846153844 0.35096153846153844 0.05048076923076923 0.17307692307692307
74 0.42427884615384615 0.35336538461538464 0.05048076923076923 0.17307692307692307
195 0.13581730769230768 0.3557692307692308 0.055288461538461536 0.16826923076923078
64 0.6454326923076923 0.35697115384615385 0.055288461538461536 0.17067307692307693
12 0.21394230769230768 0.3581730769230769 0.052884615384615384 0.16826923076923078
200 0.08533653846153846 0.04447115384615385 0.021634615384615384 0.06009615384615385
39 0.5180288461538461 0.7536057692307693 0.05048076923076923 0.16105769230769232
199 0.2848557692307692 0.7560096153846154 0.05048076923076923 0.16105769230769232
40 0.43990384615384615 0.7560096153846154 0.052884615384615384 0.1658653846153846
102 0.3641826923076923 0.7584134615384616 0.05048076923076923 0.16105769230769232
149 0.10576923076923077 0.09975961538461539 0.019230769230769232 0.06009615384615385
188 0.03125 0.3545673076923077 0.052884615384615384 0.18509615384615385