70 0.16346153846153846 0.13942307692307693 0.03365384615384615 0.057692307692307696
11 0.16466346153846154 0.22235576923076922 0.036057692307692304 0.06490384615384616
22 0.1622596153846154 0.30649038461538464 0.036057692307692304 0.06009615384615385
200 0.3112980769230769 0.4735576923076923 0.026442307692307692 0.052884615384615384
113 0.6778846153846154 0.5384615384615384 0.038461538461538464 0.07211538461538461
118 0.6778846153846154 0.6262019230769231 0.038461538461538464 0.06490384615384616
118 0.6766826923076923 0.7115384615384616 0.036057692307692304 0.0625
118 0.6766826923076923 0.796875 0.036057692307692304 0.06009615384615385
200 0.6490384615384616 0.12379807692307693 0.028846153846153848 0.055288461538461536
200 0.41586538461538464 0.125 0.028846153846153848 0.052884615384615384
200 0.22716346153846154 0.12740384615384615 0.03125 0.052884615384615384
70 0.16346153846153846 0.5576923076923077 0.038461538461538464 0.0673076923076923
110 0.28966346153846156 0.19110576923076922 0.036057692307692304 0.06009615384615385
110 0.4795673076923077 0.19110576923076922 0.03125 0.06009615384615385
110 0.7115384615384616 0.18990384615384615 0.03365384615384615 0.057692307692307696