153 0.4951923076923077 0.13701923076923078 0.08653846153846154 0.125
126 0.6598557692307693 0.14903846153846154 0.07451923076923077 0.10576923076923077
70 0.4254807692307692 0.40625 0.04326923076923077 0.052884615384615384
126 0.8341346153846154 0.4362980769230769 0.04326923076923077 0.06490384615384616
153 0.9050480769230769 0.4411057692307692 0.04567307692307692 0.06971153846153846
147 0.6141826923076923 0.44471153846153844 0.06490384615384616 0.07692307692307693
70 0.42427884615384615 0.47836538461538464 0.04567307692307692 0.052884615384615384
200 0.15504807692307693 0.05048076923076923 0.11298076923076923 0.10096153846153846
126 0.8341346153846154 0.5420673076923077 0.04326923076923077 0.06009615384615385
153 0.9074519230769231 0.5492788461538461 0.04567307692307692 0.06490384615384616
70 0.42427884615384615 0.5600961538461539 0.04567307692307692 0.04807692307692308
147 0.6129807692307693 0.5612980769230769 0.0673076923076923 0.06971153846153846
118 0.41947115384615385 0.6694711538461539 0.04567307692307692 0.055288461538461536
126 0.8329326923076923 0.7175480769230769 0.040865384615384616 0.06490384615384616
153 0.90625 0.7199519230769231 0.04807692307692308 0.07451923076923077
147 0.6141826923076923 0.7319711538461539 0.06490384615384616 0.07451923076923077
118 0.4170673076923077 0.7524038461538461 0.040865384615384616 0.04326923076923077
126 0.8341346153846154 0.8233173076923077 0.04326923076923077 0.06009615384615385
118 0.41586538461538464 0.8257211538461539 0.04326923076923077 0.04567307692307692
153 0.90625 0.8257211538461539 0.04807692307692308 0.06971153846153846
147 0.6153846153846154 0.8389423076923077 0.0625 0.07692307692307693