155 0.2860576923076923 0.29447115384615385 0.0673076923076923 0.1466346153846154
15 0.19110576923076922 0.2956730769230769 0.07451923076923077 0.14423076923076922
68 0.9375 0.40865384615384615 0.07211538461538461 0.14423076923076922
118 0.7668269230769231 0.41225961538461536 0.07692307692307693 0.1466346153846154
200 0.5072115384615384 0.04447115384615385 0.019230769230769232 0.04567307692307692
12 0.5649038461538461 0.45913461538461536 0.07211538461538461 0.1346153846153846
188 0.05889423076923077 0.49038461538461536 0.0889423076923077 0.1778846153846154
103 0.40384615384615385 0.5192307692307693 0.04807692307692308 0.057692307692307696
118 0.7680288461538461 0.6057692307692307 0.07451923076923077 0.14903846153846154
40 0.9362980769230769 0.8257211538461539 0.08413461538461539 0.1466346153846154
103 0.7668269230769231 0.828125 0.07211538461538461 0.1466346153846154
49 0.5649038461538461 0.13701923076923078 0.07211538461538461 0.13942307692307693
188 0.055288461538461536 0.13581730769230768 0.08653846153846154 0.1466346153846154