149 0.41225961538461536 0.21153846153846154 0.026442307692307692 0.03365384615384615
152 0.6225961538461539 0.22115384615384615 0.04326923076923077 0.057692307692307696
153 0.8305288461538461 0.25841346153846156 0.05048076923076923 0.06009615384615385
142 0.6598557692307693 0.27283653846153844 0.021634615384615384 0.03125
142 0.4411057692307692 0.2824519230769231 0.026442307692307692 0.036057692307692304
49 0.6213942307692307 0.2848557692307692 0.04567307692307692 0.055288461538461536
51 0.9098557692307693 0.3389423076923077 0.06009615384615385 0.07692307692307693
9 0.828125 0.3389423076923077 0.055288461538461536 0.07211538461538461
128 0.7283653846153846 0.3473557692307692 0.07211538461538461 0.0889423076923077
12 0.6105769230769231 0.4254807692307692 0.0625 0.07692307692307693
40 0.8293269230769231 0.4411057692307692 0.052884615384615384 0.06490384615384616
39 0.9086538461538461 0.44350961538461536 0.057692307692307696 0.06971153846153846
70 0.7355769230769231 0.46634615384615385 0.052884615384615384 0.0673076923076923
157 0.828125 0.5444711538461539 0.055288461538461536 0.07451923076923077
186 0.9074519230769231 0.5444711538461539 0.055288461538461536 0.07451923076923077
118 0.5360576923076923 0.5853365384615384 0.052884615384615384 0.06490384615384616
118 0.5925480769230769 0.5853365384615384 0.05048076923076923 0.06490384615384616
118 0.6454326923076923 0.5841346153846154 0.05048076923076923 0.0625
118 0.7019230769230769 0.5865384615384616 0.04807692307692308 0.0673076923076923
111 0.4074519230769231 0.625 0.04567307692307692 0.07211538461538461
64 0.31009615384615385 0.625 0.052884615384615384 0.0673076923076923
113 0.828125 0.6514423076923077 0.055288461538461536 0.07211538461538461
140 0.6466346153846154 0.6574519230769231 0.028846153846153848 0.03125
140 0.4423076923076923 0.6574519230769231 0.028846153846153848 0.036057692307692304
102 0.9110576923076923 0.6598557692307693 0.052884615384615384 0.06971153846153846
77 0.5528846153846154 0.7115384615384616 0.0673076923076923 0.07211538461538461
77 0.7007211538461539 0.7115384615384616 0.06490384615384616 0.07211538461538461
153 0.8317307692307693 0.7548076923076923 0.057692307692307696 0.0673076923076923
125 0.6959134615384616 0.08173076923076923 0.05048076923076923 0.07692307692307693
145 0.6658653846153846 0.8257211538461539 0.057692307692307696 0.07451923076923077
145 0.5793269230769231 0.8269230769230769 0.052884615384615384 0.07211538461538461
41 0.8317307692307693 0.8461538461538461 0.0625 0.07211538461538461