20 0.8137019230769231 0.2512019230769231 0.09375 0.13221153846153846
153 0.9447115384615384 0.25 0.07692307692307693 0.12980769230769232
153 0.6778846153846154 0.2512019230769231 0.0673076923076923 0.10336538461538461
197 0.13822115384615385 0.2536057692307692 0.08413461538461539 0.10336538461538461
12 0.2956730769230769 0.25240384615384615 0.09615384615384616 0.1346153846153846
118 0.4963942307692308 0.34975961538461536 0.07932692307692307 0.11298076923076923
197 0.14302884615384615 0.35697115384615385 0.07932692307692307 0.10336538461538461
99 0.9423076923076923 0.4206730769230769 0.09134615384615384 0.14423076923076922
49 0.296875 0.4495192307692308 0.08413461538461539 0.1346153846153846
153 0.9387019230769231 0.5853365384615384 0.07451923076923077 0.10817307692307693
20 0.04807692307692308 0.5925480769230769 0.04326923076923077 0.06971153846153846
68 0.6766826923076923 0.06129807692307692 0.07932692307692307 0.11778846153846154
12 0.046875 0.6550480769230769 0.036057692307692304 0.05048076923076923
49 0.046875 0.7103365384615384 0.040865384615384616 0.055288461538461536
68 0.046875 0.7704326923076923 0.040865384615384616 0.06490384615384616
99 0.04807692307692308 0.8293269230769231 0.038461538461538464 0.057692307692307696
118 0.04927884615384615 0.8822115384615384 0.036057692307692304 0.04807692307692308
153 0.046875 0.9278846153846154 0.040865384615384616 0.04807692307692308
197 0.140625 0.15384615384615385 0.07451923076923077 0.11057692307692307
118 0.5012019230769231 0.15985576923076922 0.07451923076923077 0.13221153846153846