188 0.07451923076923077 0.23798076923076922 0.0673076923076923 0.11057692307692307
152 0.24278846153846154 0.2692307692307692 0.07211538461538461 0.13942307692307693
74 0.3605769230769231 0.2704326923076923 0.08653846153846154 0.15625
153 0.75 0.40865384615384615 0.11057692307692307 0.1778846153846154
164 0.3329326923076923 0.5228365384615384 0.06490384615384616 0.13701923076923078
164 0.6983173076923077 0.6045673076923077 0.06971153846153846 0.14182692307692307
44 0.5949519230769231 0.6117788461538461 0.07451923076923077 0.13221153846153846
164 0.8737980769230769 0.6334134615384616 0.06971153846153846 0.14182692307692307
188 0.46153846153846156 0.8353365384615384 0.0625 0.10817307692307693
145 0.7487980769230769 0.16826923076923078 0.0889423076923077 0.14903846153846154
70 0.5300480769230769 0.22596153846153846 0.0985576923076923 0.15865384615384615