197 0.8425480769230769 0.09495192307692307 0.07451923076923077 0.07451923076923077
70 0.26322115384615385 0.1466346153846154 0.09375 0.0673076923076923
152 0.5973557692307693 0.1502403846153846 0.06971153846153846 0.06490384615384616
110 0.7295673076923077 0.15264423076923078 0.07451923076923077 0.06971153846153846
125 0.8425480769230769 0.18509615384615385 0.055288461538461536 0.0673076923076923
188 0.9591346153846154 0.21754807692307693 0.07211538461538461 0.06490384615384616
22 0.41466346153846156 0.25 0.08413461538461539 0.07211538461538461
74 0.5048076923076923 0.25240384615384615 0.0625 0.0673076923076923
44 0.5961538461538461 0.25240384615384615 0.07692307692307693 0.0673076923076923
175 0.84375 0.27524038461538464 0.08653846153846154 0.06490384615384616
77 0.6454326923076923 0.35336538461538464 0.06009615384615385 0.052884615384615384
153 0.5637019230769231 0.35216346153846156 0.06490384615384616 0.04567307692307692
118 0.38461538461538464 0.45552884615384615 0.052884615384615384 0.040865384615384616
80 0.2920673076923077 0.46033653846153844 0.06971153846153846 0.04567307692307692
201 0.5384615384615384 0.46033653846153844 0.0625 0.055288461538461536
38 0.19110576923076922 0.46033653846153844 0.06971153846153846 0.055288461538461536
110 0.4110576923076923 0.5612980769230769 0.0625 0.05048076923076923
12 0.6201923076923077 0.5661057692307693 0.057692307692307696 0.055288461538461536
200 0.7247596153846154 0.05889423076923077 0.07451923076923077 0.06971153846153846
188 0.9074519230769231 0.8389423076923077 0.07932692307692307 0.07211538461538461
103 0.8112980769230769 0.8401442307692307 0.06009615384615385 0.036057692307692304
155 0.20192307692307693 0.23197115384615385 0.04807692307692308 0.05048076923076923
155 0.25240384615384615 0.23076923076923078 0.052884615384615384 0.052884615384615384
155 0.30408653846153844 0.22956730769230768 0.055288461538461536 0.05048076923076923
155 0.19951923076923078 0.28125 0.052884615384615384 0.04807692307692308
155 0.2536057692307692 0.2824519230769231 0.05048076923076923 0.05048076923076923
155 0.30288461538461536 0.2824519230769231 0.052884615384615384 0.04567307692307692
155 0.20192307692307693 0.3329326923076923 0.052884615384615384 0.05048076923076923
155 0.2548076923076923 0.3317307692307692 0.052884615384615384 0.052884615384615384
121 0.6213942307692307 0.45913461538461536 0.055288461538461536 0.04807692307692308
110 0.7151442307692307 0.8377403846153846 0.06009615384615385 0.06009615384615385
168 0.20192307692307693 0.640625 0.052884615384615384 0.05048076923076923