125 0.11538461538461539 0.2692307692307692 0.03365384615384615 0.08653846153846154
110 0.1141826923076923 0.4206730769230769 0.06490384615384616 0.07692307692307693
125 0.11778846153846154 0.5817307692307693 0.04807692307692308 0.08653846153846154
152 0.2620192307692308 0.42427884615384615 0.04807692307692308 0.07932692307692307
200 0.3425480769230769 0.2776442307692308 0.06009615384615385 0.07932692307692307
153 0.3942307692307692 0.5997596153846154 0.04326923076923077 0.07932692307692307
74 0.6129807692307693 0.26322115384615385 0.04326923076923077 0.07451923076923077
22 0.6129807692307693 0.3870192307692308 0.038461538461538464 0.0625
22 0.6983173076923077 0.38822115384615385 0.036057692307692304 0.06490384615384616
74 0.65625 0.5192307692307693 0.04326923076923077 0.07211538461538461
22 0.6358173076923077 0.6586538461538461 0.03125 0.057692307692307696
22 0.6754807692307693 0.6586538461538461 0.03365384615384615 0.0625
69 0.6370192307692307 0.7379807692307693 0.028846153846153848 0.052884615384615384
69 0.6754807692307693 0.7415865384615384 0.028846153846153848 0.055288461538461536
40 0.8389423076923077 0.5132211538461539 0.04807692307692308 0.07932692307692307
39 0.8365384615384616 0.6574519230769231 0.057692307692307696 0.06971153846153846
186 0.8365384615384616 0.8137019230769231 0.057692307692307696 0.10336538461538461
145 0.6117788461538461 0.8341346153846154 0.040865384615384616 0.0625
145 0.7007211538461539 0.8317307692307693 0.040865384615384616 0.0673076923076923