54 0.6322115384615384 0.27884615384615385 0.09615384615384616 0.125
88 0.7295673076923077 0.28966346153846156 0.06490384615384616 0.14182692307692307
125 0.04326923076923077 0.3786057692307692 0.057692307692307696 0.17548076923076922
77 0.8942307692307693 0.44350961538461536 0.0673076923076923 0.14182692307692307
74 0.27403846153846156 0.46153846153846156 0.07692307692307693 0.15865384615384615
54 0.6358173076923077 0.5600961538461539 0.08413461538461539 0.1201923076923077
88 0.734375 0.5661057692307693 0.07932692307692307 0.15144230769230768
197 0.042067307692307696 0.5709134615384616 0.08413461538461539 0.13221153846153846
68 0.8930288461538461 0.6442307692307693 0.07451923076923077 0.14423076923076922
103 0.6814903846153846 0.8798076923076923 0.055288461538461536 0.11538461538461539
40 0.5697115384615384 0.8822115384615384 0.0625 0.1201923076923077
78 0.47115384615384615 0.8846153846153846 0.057692307692307696 0.1201923076923077
79 0.5504807692307693 0.1346153846153846 0.038461538461538464 0.08173076923076923
140 0.5853365384615384 0.16947115384615385 0.026442307692307692 0.04567307692307692
200 0.19110576923076922 0.02403846153846154 0.026442307692307692 0.04807692307692308
145 0.8918269230769231 0.2247596153846154 0.0673076923076923 0.13701923076923078