145 0.9050480769230769 0.41346153846153844 0.08413461538461539 0.1346153846153846
70 0.65625 0.41466346153846156 0.09134615384615384 0.13221153846153846
74 0.4206730769230769 0.41466346153846156 0.07692307692307693 0.12740384615384615
44 0.2247596153846154 0.4206730769230769 0.08413461538461539 0.11057692307692307
188 0.054086538461538464 0.6165865384615384 0.08413461538461539 0.12740384615384615
157 0.9170673076923077 0.7572115384615384 0.09375 0.12980769230769232
195 0.22596153846153846 0.7596153846153846 0.0625 0.10576923076923077
118 0.6923076923076923 0.7596153846153846 0.07211538461538461 0.11057692307692307
12 0.41225961538461536 0.7620192307692307 0.07451923076923077 0.11057692307692307
153 0.421875 0.1466346153846154 0.08413461538461539 0.12980769230769232
179 0.5685096153846154 0.14783653846153846 0.055288461538461536 0.10817307692307693
188 0.051682692307692304 0.2127403846153846 0.0889423076923077 0.13701923076923078