40 0.8521634615384616 0.15504807692307693 0.06009615384615385 0.0889423076923077
68 0.6069711538461539 0.19110576923076922 0.06490384615384616 0.09375
118 0.4483173076923077 0.19110576923076922 0.06490384615384616 0.0985576923076923
12 0.30649038461538464 0.1935096153846154 0.06490384615384616 0.09375
200 0.21995192307692307 0.026442307692307692 0.021634615384615384 0.03365384615384615
199 0.8533653846153846 0.2860576923076923 0.0625 0.09134615384615384
97 0.703125 0.3401442307692308 0.06971153846153846 0.0985576923076923
118 0.45072115384615385 0.40865384615384615 0.06490384615384616 0.09615384615384616
12 0.31009615384615385 0.4110576923076923 0.0625 0.09615384615384616
157 0.609375 0.6033653846153846 0.06490384615384616 0.09134615384615384
149 0.24278846153846154 0.07091346153846154 0.019230769230769232 0.03125
97 0.7067307692307693 0.7391826923076923 0.0673076923076923 0.0889423076923077
68 0.6105769230769231 0.8052884615384616 0.0625 0.09615384615384616
12 0.3112980769230769 0.8076923076923077 0.06490384615384616 0.09615384615384616
118 0.45072115384615385 0.8064903846153846 0.06490384615384616 0.09375
97 0.7019230769230769 0.11658653846153846 0.0673076923076923 0.10336538461538461