140 0.5072115384615384 0.1814903846153846 0.028846153846153848 0.055288461538461536
140 0.7475961538461539 0.18629807692307693 0.028846153846153848 0.055288461538461536
140 0.27283653846153844 0.234375 0.03125 0.055288461538461536
21 0.8112980769230769 0.24759615384615385 0.055288461538461536 0.09615384615384616
88 0.5733173076923077 0.24879807692307693 0.055288461538461536 0.09375
152 0.18870192307692307 0.3473557692307692 0.040865384615384616 0.06490384615384616
74 0.3389423076923077 0.35336538461538464 0.057692307692307696 0.09134615384615384
193 0.07451923076923077 0.3581730769230769 0.052884615384615384 0.08653846153846154
140 0.75 0.38221153846153844 0.03365384615384615 0.057692307692307696
140 0.5060096153846154 0.38341346153846156 0.026442307692307692 0.055288461538461536
88 0.5733173076923077 0.4338942307692308 0.055288461538461536 0.09375
21 0.8137019230769231 0.43509615384615385 0.055288461538461536 0.09134615384615384
200 0.1875 0.051682692307692304 0.04326923076923077 0.07932692307692307
40 0.9158653846153846 0.052884615384615384 0.04807692307692308 0.09134615384615384
56 0.07572115384615384 0.5564903846153846 0.05048076923076923 0.08413461538461539
140 0.27403846153846156 0.6730769230769231 0.03365384615384615 0.057692307692307696
54 0.375 0.7235576923076923 0.052884615384615384 0.0673076923076923
70 0.5709134615384616 0.7788461538461539 0.055288461538461536 0.10096153846153846
188 0.04927884615384615 0.8161057692307693 0.055288461538461536 0.07932692307692307
54 0.3762019230769231 0.8317307692307693 0.055288461538461536 0.0673076923076923
164 0.046875 0.9182692307692307 0.036057692307692304 0.07211538461538461
103 0.18990384615384615 0.9495192307692307 0.04326923076923077 0.07211538461538461