125 0.9146634615384616 0.2860576923076923 0.04567307692307692 0.09615384615384616
157 0.7764423076923077 0.2860576923076923 0.057692307692307696 0.08173076923076923
105 0.10336538461538461 0.32091346153846156 0.0625 0.11298076923076923
158 0.2704326923076923 0.32211538461538464 0.055288461538461536 0.11538461538461539
200 0.11057692307692307 0.04326923076923077 0.08653846153846154 0.08653846153846154
82 0.9194711538461539 0.4483173076923077 0.06009615384615385 0.0889423076923077
156 0.7824519230769231 0.46274038461538464 0.05048076923076923 0.09375
153 0.2692307692307692 0.5060096153846154 0.052884615384615384 0.11298076923076923
158 0.7824519230769231 0.6334134615384616 0.06009615384615385 0.0985576923076923
113 0.10096153846153846 0.671875 0.0625 0.11298076923076923
49 0.1875 0.6742788461538461 0.057692307692307696 0.10817307692307693
12 0.2668269230769231 0.6742788461538461 0.0625 0.10817307692307693
116 0.6394230769230769 0.7199519230769231 0.0625 0.09375
118 0.7175480769230769 0.7235576923076923 0.055288461538461536 0.09615384615384616
153 0.3858173076923077 0.7223557692307693 0.055288461538461536 0.0985576923076923
68 0.5396634615384616 0.7247596153846154 0.055288461538461536 0.09375
200 0.8125 0.9399038461538461 0.10576923076923077 0.11538461538461539
197 0.9182692307692307 0.09975961538461539 0.04807692307692308 0.0889423076923077
125 0.9543269230769231 0.10697115384615384 0.038461538461538464 0.07932692307692307
74 0.6646634615384616 0.11177884615384616 0.055288461538461536 0.0985576923076923
152 0.78125 0.11298076923076923 0.052884615384615384 0.10096153846153846
121 0.49759615384615385 0.11538461538461539 0.057692307692307696 0.10576923076923077
40 0.1971153846153846 0.14903846153846154 0.0625 0.11538461538461539
39 0.10096153846153846 0.15504807692307693 0.0673076923076923 0.10817307692307693
145 0.45552884615384615 0.7235576923076923 0.04567307692307692 0.08173076923076923