122 0.4831730769230769 0.14423076923076922 0.08173076923076923 0.052884615384615384
135 0.49399038461538464 0.2668269230769231 0.055288461538461536 0.07692307692307693
200 0.19110576923076922 0.4170673076923077 0.040865384615384616 0.05048076923076923
200 0.6045673076923077 0.42908653846153844 0.040865384615384616 0.055288461538461536
122 0.234375 0.46274038461538464 0.07932692307692307 0.05048076923076923
153 0.7548076923076923 0.47115384615384615 0.03365384615384615 0.04326923076923077
153 0.71875 0.47115384615384615 0.03365384615384615 0.052884615384615384
122 0.6394230769230769 0.48197115384615385 0.07692307692307693 0.05048076923076923
40 0.7331730769230769 0.5228365384615384 0.038461538461538464 0.040865384615384616
200 0.6069711538461539 0.6225961538461539 0.040865384615384616 0.04807692307692308
153 0.7572115384615384 0.6598557692307693 0.03365384615384615 0.05048076923076923
153 0.7175480769230769 0.6610576923076923 0.03125 0.04807692307692308
122 0.6382211538461539 0.6754807692307693 0.07932692307692307 0.04807692307692308
118 0.234375 0.6935096153846154 0.055288461538461536 0.07451923076923077
40 0.734375 0.7151442307692307 0.036057692307692304 0.036057692307692304
200 0.4170673076923077 0.08413461538461539 0.040865384615384616 0.052884615384615384
85 0.4735576923076923 0.8653846153846154 0.057692307692307696 0.07692307692307693