197 0.4110576923076923 0.03365384615384615 0.052884615384615384 0.0673076923076923
125 0.4495192307692308 0.04447115384615385 0.03365384615384615 0.05048076923076923
188 0.49278846153846156 0.03485576923076923 0.0673076923076923 0.06971153846153846
149 0.026442307692307692 0.125 0.02403846153846154 0.02403846153846154
200 0.01201923076923077 0.0889423076923077 0.019230769230769232 0.028846153846153848
139 0.10336538461538461 0.1658653846153846 0.057692307692307696 0.0673076923076923
39 0.19230769230769232 0.16706730769230768 0.0673076923076923 0.07451923076923077
113 0.2824519230769231 0.16947115384615385 0.06009615384615385 0.06971153846153846
166 0.375 0.16826923076923078 0.0625 0.0673076923076923
152 0.49278846153846156 0.16826923076923078 0.057692307692307696 0.0673076923076923
34 0.6201923076923077 0.16947115384615385 0.0673076923076923 0.07451923076923077
102 0.7115384615384616 0.16466346153846154 0.0625 0.07451923076923077
40 0.8064903846153846 0.1658653846153846 0.06490384615384616 0.07692307692307693
78 0.8978365384615384 0.16466346153846154 0.06490384615384616 0.07451923076923077
128 0.6646634615384616 0.4014423076923077 0.06490384615384616 0.07211538461538461
128 0.3329326923076923 0.39783653846153844 0.06490384615384616 0.06971153846153846
88 0.1466346153846154 0.4074519230769231 0.0625 0.06490384615384616
88 0.8473557692307693 0.40384615384615385 0.06490384615384616 0.07211538461538461
70 0.25841346153846156 0.40625 0.03125 0.038461538461538464
70 0.7379807692307693 0.39903846153846156 0.03365384615384615 0.04326923076923077
111 0.33052884615384615 0.27884615384615385 0.06490384615384616 0.07692307692307693
10 0.4651442307692308 0.453125 0.06009615384615385 0.06971153846153846
10 0.5264423076923077 0.4543269230769231 0.0625 0.07211538461538461
195 0.49278846153846156 0.3245192307692308 0.0625 0.07211538461538461
79 0.8461538461538461 0.5997596153846154 0.0625 0.06971153846153846
79 0.15384615384615385 0.5997596153846154 0.0673076923076923 0.07451923076923077
88 0.8004807692307693 0.734375 0.0625 0.07451923076923077
88 0.8882211538461539 0.7331730769230769 0.06490384615384616 0.07692307692307693
70 0.6610576923076923 0.734375 0.038461538461538464 0.040865384615384616
183 0.49278846153846156 0.5877403846153846 0.0673076923076923 0.07451923076923077
88 0.11057692307692307 0.7379807692307693 0.0625 0.0673076923076923
88 0.19951923076923078 0.7355769230769231 0.0625 0.07211538461538461
70 0.33413461538461536 0.7355769230769231 0.03365384615384615 0.04326923076923077
153 0.49278846153846156 0.6935096153846154 0.0625 0.06971153846153846
61 0.42788461538461536 0.7331730769230769 0.0625 0.07692307692307693
20 0.49399038461538464 0.8052884615384616 0.06490384615384616 0.07211538461538461
71 0.49399038461538464 0.9002403846153846 0.06490384615384616 0.07451923076923077
140 0.6286057692307693 0.5576923076923077 0.026442307692307692 0.03365384615384615
140 0.06971153846153846 0.5673076923076923 0.028846153846153848 0.03365384615384615