142 0.3233173076923077 0.1814903846153846 0.05048076923076923 0.06009615384615385
142 0.14903846153846154 0.18269230769230768 0.04807692307692308 0.052884615384615384
142 0.5528846153846154 0.18389423076923078 0.04326923076923077 0.06009615384615385
142 0.7788461538461539 0.18509615384615385 0.04807692307692308 0.057692307692307696
70 0.17908653846153846 0.296875 0.0889423076923077 0.10336538461538461
74 0.5889423076923077 0.2980769230769231 0.08653846153846154 0.11057692307692307
130 0.36177884615384615 0.29927884615384615 0.08413461538461539 0.0985576923076923
70 0.8185096153846154 0.29927884615384615 0.08413461538461539 0.0985576923076923
72 0.6213942307692307 0.5612980769230769 0.06009615384615385 0.07451923076923077
200 0.0985576923076923 0.0625 0.08173076923076923 0.0673076923076923
118 0.8161057692307693 0.6526442307692307 0.08413461538461539 0.0985576923076923
12 0.36899038461538464 0.7259615384615384 0.10817307692307693 0.12980769230769232
118 0.8617788461538461 0.7560096153846154 0.0889423076923077 0.0889423076923077
118 0.7728365384615384 0.8125 0.07932692307692307 0.09615384615384616