49 0.6983173076923077 0.9026442307692307 0.11778846153846154 0.13221153846153846
40 0.8822115384615384 0.10096153846153846 0.0625 0.0673076923076923
198 0.49399038461538464 0.12980769230769232 0.06490384615384616 0.07692307692307693
153 0.23677884615384615 0.13701923076923078 0.06490384615384616 0.07211538461538461
118 0.9567307692307693 0.23317307692307693 0.0625 0.07211538461538461
118 0.8798076923076923 0.23197115384615385 0.0625 0.06971153846153846
118 0.7007211538461539 0.23317307692307693 0.06009615384615385 0.07211538461538461
118 0.6286057692307693 0.23557692307692307 0.06009615384615385 0.07211538461538461
118 0.23677884615384615 0.29086538461538464 0.06490384615384616 0.07211538461538461
118 0.1502403846153846 0.29086538461538464 0.06490384615384616 0.07211538461538461
118 0.32211538461538464 0.2956730769230769 0.0625 0.07211538461538461
68 0.9158653846153846 0.46153846153846156 0.11538461538461539 0.12980769230769232
12 0.46274038461538464 0.6009615384615384 0.11298076923076923 0.125
44 0.22355769230769232 0.6009615384615384 0.11538461538461539 0.12980769230769232
118 0.6995192307692307 0.6021634615384616 0.11538461538461539 0.12740384615384615
197 0.03485576923076923 0.609375 0.06971153846153846 0.08413461538461539
80 0.9182692307692307 0.7283653846153846 0.11538461538461539 0.12980769230769232